0.0167808532714844 1.84381103515625 28.7504719889357 278.084075927734 55.3242743856046 38.797136 0.743321776390076 0 0.07587595621352955
0.0719261169433594 1.07925415039062 17.9126327724744 280.893310546875 55.2004689127388 55.807416 0.467218279838562 0 0.17395646766406367
1.7059621810913101 5.615386962890621 4.12369932012618 298.082550048828 90.80120578452629 197.82584 0.747719168663025 0 0.08570531813762074
0.2895827293396 11.41162109375 126.266433187839 264.81207275390597 168.377400059232 34.694216 0.537304043769836 0 0.23150029490474736
0.0441079139709473 1.3823547363281203 6.245013286638991 273.05401611328097 26.8803553198275 32.022832 0.0151579705998302 0 0.2348892063332344
0.608120918273926 10.600769042968802 83.2372837909645 274.74542236328097 92.5207159346579 10.692369 0.167185828089714 0 0.37124922707868985
3.8240156173706095 9.30889892578125 7.55018646469212 293.538848876953 263.39867943582 41.25248 9.18522709980607e-05 0 0.2397701514621885
9.951601028442381 19.8880310058594 151.91547706791 301.20654296875 310.613427982372 29.294938000000002 0.24845604598522197 0 0.4576063572445802
3.3420009613037096 23.042907714843803 27.550856001507697 294.036865234375 265.661655656239 41.178472 0.641954779624939 0 0.20528211690685744
2.5000638961792 20.054931640625 769.175998621046 279.090911865234 259.899298752959 121.26423999999999 0.285115271806717 0 0.2979902537627741
4.67674446105957 12.616241455078098 63.160893317681 304.957122802734 262.465214142056 114.236232 0.953590214252472 0 0.19497776751925627
6.800716400146481 18.2181091308594 25.5964824986947 295.08941650390597 315.039134370044 28.323146 0.698679864406586 0 0.2863761125560921
0.24756634235382102 10.7565307617188 16.057245009701802 273.04461669921903 132.859252553409 703.381184 0.575493156909943 0 0.2748792737423905
0.39521598815917997 4.6900634765625 42.5045637013797 299.26141357421903 89.4175328063061 173.22841599999998 0.9986667633056641 0 0.10880007271656517
0.31123447418212896 4.565948486328121 21.626959563031896 295.61029052734403 91.5908770774238 56.098872 0.31031820178031894 0 0.32571078196339337
0.311463356018066 3.09738159179688 25.850853284535397 295.56121826171903 90.965882755493 52.657076 0.758384764194489 0 0.24342609272783394
0.30126070976257296 7.402801513671879 60.4855369077773 268.47119140625 88.9654510516094 21.603336 0.15808133780956302 0 0.5329816962509714
0.0407915115356445 5.217926025390621 66.5592205867068 275.330535888672 56.3258839210248 21.190279999999998 0.6429319977760309 0 0.3840386599651873
0.0235717296600342 4.4166259765625 153.24328211537 271.596527099609 89.63347480572409 88.303728 0.0404460057616234 0 0.2276552218403281
0.11022090911865198 4.080718994140621 68.26243010441961 274.750762939453 55.34109270514399 67.5978 0.340094923973083 0 0.3602719377525075
0.9053983688354491 8.49874877929688 185.933737489034 275.784454345703 171.101527658263 23.808434 0.199972450733185 0 0.3610417947474754
0.8582044839859009 3.78240966796875 158.175669798792 273.847259521484 213.904300852015 24.106102 0.276976376771927 0 0.3098980265314976
0.31582307815551797 7.786468505859379 116.498775046427 272.80908203125 134.991758633213 54.610012 0.15560775995254503 0 0.451942274742239
0.8336148262023929 7.243682861328121 87.13455417881741 274.13128662109403 173.370112579719 49.768116 0.66827392578125 0 0.23651020868188385
1.00508069992065 6.27886962890625 88.3914732527652 279.976654052734 54.1491339229459 33.653216 0.0371765233576298 0 0.44015980890041934
0.742268085479736 7.935546875 68.1050405657512 281.436798095703 90.1944213698234 26.835624 0.8968402147293091 0 0.1763802557223372
0.122984409332275 3.29287719726562 69.7019986981605 282.57928466796903 56.1873934365559 48.442408 0.252530634403229 0 0.34758401343952056
0.17285728454589802 8.3372802734375 120.30594203305401 279.252532958984 55.5098949804704 113.337584 0.8139302730560299 0 0.061985485110530585
0.650722503662109 4.612457275390621 86.5698733453645 283.919555664062 173.034507769805 23.931174 0.264209270477295 0 0.4133818499502723
1.4399490356445301 6.613311767578121 91.66174732603892 291.83233642578097 131.118861808373 23.88413 0.937217891216278 0 0.18887481890001398
1.25440073013306 4.5303955078125 72.7259367893785 281.048065185547 167.41882562470698 42.969248 0.25951692461967496 0 0.3605051016401727
1.4942936897277799 8.559814453125 141.857012056287 276.819427490234 264.92182685491 38.515552 0.63584178686142 0 0.2843019987880934
0.901345729827881 9.88751220703125 61.0031105528531 280.657989501953 129.676055451275 23.08667 0.115488700568676 0 0.4669773748447634
1.64255285263062 14.8356323242188 71.33391878134401 278.494781494141 92.5889243059007 22.287067999999998 0.565405547618866 0 0.3916274744826338
0.0706262588500977 9.82583618164062 51.2098325555141 274.040618896484 55.957501794838294 147.876576 0.199090823531151 0 0.41580766263792185
0.26172494888305703 11.2808227539062 91.2720545937088 277.10040283203097 91.416591471233 33.358902 0.5679739713668821 0 0.2848726366033821
0.942656517028809 13.093414306640598 90.67379952054979 274.53643798828097 169.942889521072 27.519878000000002 0.205844581127167 0 0.4615928541994106
0.94169807434082 11.549591064453098 70.6068406165188 274.70916748046903 173.65889509016998 23.059526 0.696734488010406 0 0.2335236063181681
1.00881099700928 9.14776611328125 86.7777785580397 281.083892822266 171.180652926268 36.655604 0.147915482521057 0 0.4541716723219443
1.50437664985657 10.9137573242188 70.4814175106386 279.713409423828 264.664766402079 39.029115999999995 0.7764743566513058 0 0.2313565982630086
0.159968376159668 9.94180297851562 87.5602895183438 286.100921630859 56.196590904715606 33.492142 0.0364119485020638 0 0.4473773674666026
0.325920104980469 12.3616943359375 88.3745647052803 294.51953125 90.7670689758867 35.624812 0.994873881340027 0 0.08968753927944714
0.23317623138427698 11.810699462890598 84.7292575648946 294.86651611328097 56.155909607485 55.758424 0.5330464243888849 0 0.2954009626272391
0.166074752807617 11.0302734375 17.6225633677218 285.975982666016 57.249506581466896 74.558472 0.86948174238205 0 0.2800344828871264
1.3572244644165001 17.3082580566406 60.197624822611104 282.719390869141 174.13606214848 33.859376 0.3646998107433321 0 0.3511596783435814
1.2599182128906201 13.955657958984402 47.325879720561 286.794342041016 176.631356301338 36.393148 0.806887030601501 0 0.17914893401537452
1.44504165649414 10.780609130859402 12.818254547395501 296.50225830078097 130.460925304228 59.390152 0.17259611189365398 0 0.2604153590385799
1.28781604766846 16.2305908203125 29.9574275354718 292.83953857421903 129.724575590226 50.436212 0.7943232655525211 0 0.20165948534137132
1.07676649093628 11.558135986328098 96.94217010949491 275.47271728515597 126.54578315824301 26.591988 0.14306253194809 0 0.5032339809719598
0.8307144641876221 9.7293701171875 115.821722530949 273.22686767578097 93.89781021191419 32.260624 0.325656771659851 0 0.4864100049316949
0.579223871231079 10.3244323730469 268.603447790767 269.910522460938 166.865640130761 55.328772 0.11120393127203 0 0.4266779311221179
0.9063733816146851 9.90020751953125 101.050281336824 268.19476318359403 127.90604115743 41.541368 0.685414493083954 0 0.20909421448986668
1.3886706829071 14.3775024414062 203.261120615919 274.856658935547 210.865340939023 28.735003999999996 0.11056309938430801 0 0.4083866773995611
0.61012077331543 21.457275390625 153.936694541422 276.25238037109403 216.20026682446098 30.57903 0.60077565908432 0 0.19396812905514446
1.6654870510101298 12.4461669921875 167.916779968218 278.62432861328097 218.14466724794102 37.679871999999996 0.14036898314952898 0 0.4418188130154871
0.337320923805237 11.787384033203098 129.528594473261 266.512084960938 174.203641895051 100.785512 0.550724923610687 0 0.21163480305471646
0.536418437957764 13.389404296875 125.586004900823 282.606811523438 93.1033030472129 33.673212 0.150449454784393 0 0.4232837254759507
0.35685920715332003 11.252288818359402 97.281767032919 287.480987548828 130.513790526151 35.403512 0.7549463510513309 0 0.1730666248314364
0.449185371398926 12.4908447265625 128.521982175282 290.216827392578 90.0295105322653 100.352752 0.461756229400635 0 0.2390907917266605
1.7145037651062 14.484893798828098 173.43199482141898 281.537078857422 130.473853079502 67.749904 0.5862208008766171 0 0.21186363605472588
1.2662634849548302 15.883331298828098 260.814562984999 280.269683837891 213.55209125932097 36.031692 0.24403770267963398 0 0.2832507588883321
1.3061804771423302 21.0357666015625 282.730523807527 283.800567626953 310.75375479241103 31.555162 0.602112889289856 0 0.16421835094473902
1.17823600769043 15.177337646484402 546.865824706559 285.670318603516 175.033852962882 230.866096 0.456228256225586 0 0.13101573780842551
0.438260078430176 13.980560302734402 118.953584964615 286.566497802734 172.690112693184 121.51048 0.7498696446418759 0 0.14671891063193174
2.50824737548828 12.610198974609402 20.707055566527696 287.579437255859 174.203972286775 37.369668 0.503630757331848 0 0.3062907232056024
2.6039137840271 7.2750244140625 4.6429226635446295 289.531402587891 175.12673816747298 37.49844 0.648580491542816 0 0.04821869854387695
2.8197603225707994 8.2669677734375 36.1457953436991 294.15325927734403 130.873470075471 76.207872 0.616348683834076 0 0.29101744416942193
2.94206953048706 13.881317138671902 12.722872774877 294.129302978516 174.30122595348598 96.56466400000001 0.671378910541534 0 0.2049004432448112
3.0119647979736297 13.587860107421902 17.0422091876789 290.460083007812 219.008024489336 38.966132 0.265826970338821 0 0.3083666226218385
2.10771989822388 12.14892578125 29.7283014186334 284.4130859375 218.08049867191002 38.716148 0.558238744735718 0 0.3144828213819519
1.5975422859191901 5.64593505859375 30.645792213364395 281.21588134765597 220.238856441151 85.28061600000001 0.292709290981293 0 0.4072064371073836
3.3913736343383802 11.3312377929688 39.3141581953861 292.594848632812 220.069887383842 47.748616 0.6998083591461178 0 0.2663124878116622
3.32695198059082 10.1730651855469 29.5991142281186 298.34185791015597 172.872992582267 38.745736 0.5706104636192321 0 0.2882517060464945
4.08396530151367 8.76748657226562 18.1350314928221 300.944732666016 172.62604848336898 39.409856 0.8819182515144351 0 0.2200203206603302
4.85059356689453 10.3462219238281 20.9254158339483 302.304046630859 216.730922150545 41.257756 0.60023558139801 0 0.23641107715215204
3.59620952606201 10.989105224609402 30.3731803308361 299.047485351562 172.20727498381802 192.342656 0.8054398894310001 0 0.21322396351924106
5.44564437866211 13.601043701171902 26.499408885995802 297.955810546875 218.126193753344 40.358512 0.205228954553604 0 0.3754257179647735
5.5176067352294895 10.826446533203098 20.7959149592832 300.71722412109403 217.663250574838 40.862676 0.707512497901917 0 0.22068533409736812
5.7716646194458 13.5376586914062 16.1622047330765 297.34368896484403 263.162909877095 49.820547999999995 0.33659604191780107 0 0.3362182103100555
6.84058952331543 13.840057373046902 26.6275577859138 299.722900390625 264.64029076419 42.293271999999995 0.9007438421249391 0 0.2682586190693391
2.50564479827881 8.9840087890625 107.066019391654 280.79095458984403 132.485452418469 34.697379999999995 0.0416092090308666 0 0.5368846113447909
1.8609123229980502 11.5932006835938 71.7424841269045 281.629852294922 132.289307296927 34.716368 0.441608786582947 0 0.3718308436557763
2.14298009872437 12.1105346679688 148.731014410104 289.86572265625 174.791961606387 37.271947999999995 0.301327019929886 0 0.3366294705830213
1.91308927536011 8.49789428710938 111.65061234071199 280.292694091797 214.23625630549301 38.20276 0.653267681598663 0 0.2672663325756778
3.8093295097351096 11.883636474609402 225.401927268988 286.10882568359403 254.572711946497 33.43712 0.18811382353305803 0 0.4552949099146122
1.85930991172791 4.748809814453121 123.383924920691 281.381866455078 267.627845334774 27.951340000000002 0.44548770785331704 0 0.3185500800214638
3.3144793510437 10.8618774414062 88.14448749063891 289.543609619141 267.114469882078 40.526084000000004 0.298250377178192 0 0.4002540288648129
3.0877628326416002 11.5366821289062 57.795875645882205 286.314697265625 218.139965039007 38.712424 0.6267132163047789 0 0.3035355517516313
4.65358448028564 12.510650634765598 62.27919961778029 302.023284912109 216.553716034968 41.901104 0.5915865898132321 0 0.2698040904326088
5.65014362335205 13.518585205078098 57.3700890431404 294.84613037109403 172.98120085085202 30.679408000000002 0.8469474315643309 0 0.2696721045075666
4.04662322998047 10.308044433593802 399.134766536914 292.840423583984 215.860363216559 129.192464 0.342174559831619 0 0.2640017278450083
2.86286735534668 11.5536499023438 175.926587887625 295.950225830078 176.081038822149 87.97672800000001 0.862876951694489 0 0.09984688587938834
4.17297458648682 11.136444091796902 151.01452905522498 291.614471435547 217.225791654972 39.284176 0.13319079577922802 0 0.4464782340502289
5.2439680099487305 14.0143432617188 108.48835798451 296.12640380859403 264.980378210424 30.135176 0.642834186553955 0 0.2926492861622445
5.77408790588379 13.5169067382812 59.6728008555367 299.307220458984 218.07128991432 55.580819999999996 0.33098378777503995 0 0.3621092928048068
6.6886701583862305 13.407989501953098 116.830059800032 299.985076904297 264.182116784748 128.717912 0.8584187030792241 0 0.2442561272867758
2.7902450561523398 14.7528686523438 49.647190552834 289.257781982422 219.909886200445 39.269184 0.5712125301361078 0 0.2761519103211303
5.69162940979004 20.7384643554688 44.852051927922105 296.014770507812 263.677924036704 27.533578000000002 0.607391536235809 0 0.3380733308941447
2.6574325561523398 16.355224609375 35.4537417983658 295.48602294921903 219.749405211371 48.640488 0.521655380725861 0 0.2410058107117849
3.39441585540771 14.922149658203098 22.0364604424866 291.74151611328097 262.987693117742 72.93356 0.9139113426208499 0 0.20955590039594346
4.81498622894287 15.80126953125 12.573437391903301 295.36529541015597 267.916583822922 41.478896 0.17214822769164997 0 0.3173874851001551
4.01150846481323 18.5447998046875 21.696366609401398 296.974090576172 264.776256204276 41.720808 0.6094626784324649 0 0.21739765366226305
3.6173338890075697 14.529296875 30.2718291681011 298.084350585938 264.44540572134997 41.888264 0.49099755287170394 0 0.25529046384837634
7.43212032318115 16.3051147460938 6.52938010656075 297.772125244141 264.14667648615 42.295392 0.75268691778183 0 0.18670374692650166
6.3761491775512695 15.4866943359375 56.1166597301715 299.11737060546903 263.042062957637 30.621840000000002 0.6837579607963559 0 0.29167218960484537
6.1409416198730495 15.263214111328098 56.2450202948632 299.265411376953 215.650920142775 40.980884 0.915915668010712 0 0.2437488751334793
7.1707124710083 16.7177429199219 34.498254253146804 302.28424072265597 262.88195646419496 42.980515999999994 0.642971754074097 0 0.26374835830872834
6.07850551605225 15.7721557617188 45.0767345873777 301.88323974609403 262.76639784014 43.046215999999994 0.8670649528503421 0 0.2088851093901473
6.10135650634766 14.911041259765598 48.144839768100205 299.28570556640597 263.708899526764 30.603303999999998 0.245354503393173 0 0.4307988171171418
6.005245208740231 14.256866455078098 47.030869618671204 299.622344970703 263.711044545174 41.8462 0.8585205674171451 0 0.2240239259610254
7.23956203460693 17.8448791503906 5.701652313328331 299.5419921875 312.89852884868696 44.318144000000004 0.512991487979889 0 0.18573757893757248
6.372196197509769 14.542022705078098 18.576233571446398 299.69287109375 264.247572294789 47.741471999999995 0.8947604894638058 0 0.2255617165706986
4.45131587982178 14.296661376953098 114.352137349792 285.95404052734403 260.84825700281004 31.912494 0.0835442915558815 0 0.583133165448021
3.14583778381348 15.557098388671902 78.646012827166 290.916381835938 220.272244428844 38.903168 0.936634600162506 0 0.1999352751722112
2.28597784042358 14.569000244140598 100.60651677350599 291.642730712891 219.507329108652 39.156971999999996 0.42309302091598494 0 0.2888017195223437
2.9915552139282204 14.4883422851562 84.6789105887722 295.374145507812 174.209349901463 48.980692 0.7059506177902221 0 0.20049055870801813
1.94307613372803 20.1269836425781 345.294873491171 282.546264648438 266.212527825233 37.949276 0.290291041135788 0 0.2749611587201047
6.583961009979251 16.3655090332031 90.2517268279278 295.868530273438 310.79760629935004 34.285004 0.691659331321716 0 0.3081343310087533
3.07239437103271 21.781982421875 182.80515514363097 286.27459716796903 309.491449258979 48.996388 0.450190037488937 0 0.3544233709940375
5.07206964492798 15.7335205078125 109.950284530329 294.58251953125 265.803721710486 50.979468 0.548527419567108 0 0.3052682764742041
5.87744998931885 17.5027465820312 167.933742060015 300.823333740234 261.06221784990896 32.548788 0.61273330450058 0 0.26241126473774146
5.86716747283936 18.6013793945312 205.25766390655 297.115509033203 261.687075326156 38.429556 0.825751006603241 0 0.20641074166502146
6.99926948547363 20.7978515625 114.83246692440201 303.732208251953 258.289946299026 55.282564 0.0532581359148026 0 0.3989296714046085
5.96992588043213 17.2852172851562 286.575128341232 301.596832275391 260.301698159267 50.168108000000004 0.68086564540863 0 0.168134285624178
6.96589851379395 16.9613037109375 95.7471683506453 299.320587158203 309.570761375709 29.13999 0.202325463294983 0 0.4633725078839066
7.56248664855957 18.0611267089844 97.7356668348002 300.294189453125 309.069404221073 32.26866 0.624651610851288 0 0.3286351053887352
6.62599515914917 19.9075012207031 108.43582681867599 296.977661132812 264.75806137397 41.590072 0.5340034365653991 0 0.36469211696056825
5.892154693603519 21.4011535644531 171.836293787219 298.82049560546903 310.469897220887 44.458768 0.9102400541305541 0 0.2326308013267201
1.21369075775146 10.890472412109402 15.346291445374401 295.692596435547 130.839761325528 88.681296 0.8097594976425171 0 0.20071083024829747
1.38883113861084 11.0655517578125 25.929142633176102 288.985321044922 175.85376392001498 48.253592 0.32354187965393105 0 0.3167085501025152
0.938848495483398 13.2662963867188 102.00706786188499 293.308837890625 91.19418933012341 35.456635999999996 0.7632270455360409 0 0.13599580130928535
5.5435886383056605 14.759796142578098 32.373962033629496 302.051177978516 263.140217893753 43.177644 0.827246248722076 0 0.1932566219560361
4.828283309936519 17.5425109863281 209.39422780243402 298.499725341797 311.27183780480203 47.175644 0.592822432518005 0 0.29060771602067376
1.18127775192261 4.47906494140625 48.7333849929114 283.512359619141 175.38905219334 23.691302 0.4059760570526121 0 0.395240960518512
0.19063091278076197 3.68057250976562 57.6131758657006 295.216400146484 90.9365888641143 35.592368 0.734463453292847 0 0.22118518258267927
0.28571105003356895 1.9977111816406203 15.687250560492101 277.393035888672 89.635098219712 39.647432 0.45378455519676203 0 0.2936281174079259
0.7820711135864259 10.300109863281198 6.07410666672071 291.956817626953 91.20726780960008 35.232188 0.8779100179672241 0 0.1250143955666231
0.28621339797973605 2.79275512695312 120.51221731136101 280.835418701172 176.504521153672 35.561692 0.37569510936737105 0 0.07970141321921616
6.8441047668457005 14.70361328125 22.059983187262397 299.678192138672 263.303845177677 42.537164000000004 0.94105738401413 0 0.2539675613250516
1.0142617225647 11.552490234375 37.6657710891605 283.616333007812 176.476042273704 35.952636 0.732870161533356 0 0.22343762194006966
0.309125423431396 10.9178466796875 4.2950766384590295 277.22552490234403 89.62089728057741 34.305859999999996 0.703427135944366 0 0.1451123533772454
0.09691905975341801 6.08038330078125 131.60801844219 299.93670654296903 55.2634073321849 144.447808 0.7461429834365841 0 0.016340067266486888
1.72899103164673 7.251312255859379 87.9460470313583 282.853851318359 264.56112822084 39.318923999999996 0.7247101664543149 0 0.2471117127417571
2.7636680603027304 15.7413940429688 239.088534198441 285.232666015625 258.34418236311797 56.610636 0.293880045413971 0 0.3674375708452429
5.0598454475402805 15.7277221679688 132.738865318241 289.047027587891 309.815552704435 33.035026 0.33764910697936995 0 0.3928048760833468
2.20060539245605 8.86367797851562 39.0190407700452 292.81463623046903 91.39473961486229 23.433384 0.7898569703102108 0 0.2961319334903679
0.646318197250366 4.394378662109379 205.346957812868 278.57342529296903 166.624107672803 48.973644 0.38153350353240995 0 0.18881309878669875
5.08195352554321 16.1872253417969 78.7382354113052 294.468017578125 265.11652315378797 41.4986 0.5216158628463751 0 0.3457655829822647
1.4010124206543002 11.436065673828098 103.249464161191 293.562347412109 130.488339050191 28.59368 0.7974992990493771 0 0.1663035224597776
1.06173038482666 14.460540771484402 74.5623145161175 285.117065429688 221.120080603529 37.701603999999996 0.0445375367999077 0 0.3952510252714901
0.11022186279296901 6.511871337890621 58.939839209550705 281.532562255859 56.280832740144994 33.349920000000004 0.8010436296463009 0 0.2931727736870697
6.26957702636719 14.5846557617188 13.2769465914604 299.56292724609403 263.270591449114 31.802214000000003 0.46636343002319297 0 0.2528147206541345
0.159489870071411 11.392974853515598 92.34492608206041 272.28106689453097 56.27202112089001 31.902094 0.304762363433838 0 0.3198461668193471
4.96328258514404 11.4589233398438 9.57390014422357 299.612548828125 217.442379199925 40.848852 0.299824059009552 0 0.18037328341684056
8.16439723968506 15.363189697265598 46.2904904936833 302.34991455078097 263.372824587377 42.922304 0.565003514289856 0 0.31119960277962105
1.71233558654785 5.093841552734379 20.608018832190197 288.42041015625 215.725938558722 25.911014 0.7068064212799069 0 0.28834434635817385
0.611371040344238 16.1739501953125 31.8268285662149 280.279266357422 131.260402146919 34.64626 0.0192143246531487 0 0.3802277649564911
2.16506195068359 11.1564331054688 18.108905873412898 296.98419189453097 129.85276145662 37.310716 0.69430011510849 0 0.23744087807484585
0.9215388298034671 6.688720703125 84.619534085948 281.174438476562 91.976230974078 65.278736 0.202788785099983 0 0.436836924290295
0.020782470703125 9.8126220703125 46.358652951399606 276.859130859375 91.2571814200697 46.648784 0.558832764625549 0 0.3189338349225809
0.881020545959473 15.554168701171902 23.915396566669898 291.652862548828 91.14870638487271 37.260384 0.969254910945892 0 0.2050710312712696
2.1654870510101296 17.4523315429688 168.31438568359 281.36505126953097 261.98863059434 38.424236 0.215710029006004 0 0.4023687934626529
0.985014915466309 10.1719055175781 98.7854005029535 279.807769775391 220.96226214742995 40.450352 0.253624826669693 0 0.3768331405799853
8.26212501525879 18.2709045410156 159.858088419573 298.85504150390597 309.733708197126 33.491376 0.38344943523407 0 0.4100770192579286
1.4009251594543501 15.3789672851562 44.61694959827379 282.784820556641 172.02781143653598 42.602768 0.70153146982193 0 0.2170718972153064
1.4583711624145501 6.663726806640621 59.1630714723339 278.985504150391 168.036217479681 31.175962 0.5081822872161871 0 0.3648724426166329
4.93379592895508 17.0823059082031 31.3951295442055 297.791229248047 217.838653192104 40.20046 0.5965885519981379 0 0.2713035267385388
0.8823275566101071 9.91439819335938 70.4642251837913 281.876861572266 132.558828809586 34.682632 0.88146299123764 0 0.1750513150414281
0.483584403991699 12.1847534179688 26.435887131431603 278.51837158203097 91.43410704998301 33.495708 0.282769352197647 0 0.3884955983919989
0.455543041229248 10.065124511718802 47.480638078495 271.724884033203 216.23202288292 61.421988 0.31322851777076693 0 0.33968451998879684
0.8161623477935791 8.2376708984375 109.720045934753 274.78741455078097 129.581017886354 34.765792 0.46035254001617404 0 0.32870528006714833
2.35298299789429 16.3685302734375 181.709436882169 288.59552001953097 264.20225169284197 35.731056 0.915960729122162 0 0.13960449390673854
1.4002754688262902 7.3228759765625 103.878893946712 277.43304443359403 166.256675421803 24.174528 0.226537644863129 0 0.4998489311451253
1.34072244167328 11.0548706054688 143.15984817041098 272.489776611328 312.090562986738 25.846432 0.26705858111381503 0 0.4613286449816506
5.8751506805419895 17.5451965332031 110.016861243522 299.653442382812 262.459385374967 77.85676 0.717259585857391 0 0.23315484503624825
1.1837625503540001 10.8063354492188 62.3913198649055 286.22174072265597 56.4857841704453 66.94521999999999 0.9563190937042241 0 0.13655611286588892
7.52024364471436 22.7361755371094 45.6054550217064 297.12176513671903 311.737039319336 44.500732 0.28089281916618297 0 0.44400590580330573
1.84613227844238 11.17578125 34.161205830216105 296.943572998047 130.68223870604402 135.389264 0.31951117515564004 0 0.2938733147421184
3.01039505004883 10.645080566406198 47.323881368875796 291.638702392578 174.38374470019698 37.685736 0.40570658445358293 0 0.3603101317326939
0.80544376373291 14.443023681640598 110.90054841886999 288.050140380859 171.71375372730301 156.997664 0.191055968403816 0 0.27518585012873703
4.67907333374023 13.7288818359375 184.64772025691502 298.226043701172 221.26676549087003 170.62968 0.295129030942917 0 0.2879667060539415
7.02530670166016 17.0338439941406 13.663899343305301 301.579223632812 262.29943551405603 43.080764 0.8719666600227359 0 0.16373124792523433
0.8134789466857909 11.565765380859402 75.981670171594 280.703247070312 132.02344423096702 34.70898 0.12091562896966901 0 0.4583422563481853
0.442837715148926 15.073333740234402 246.599559257635 286.351287841797 130.095550419948 104.646672 0.0201754067093134 0 0.3798565515803624
6.17279815673828 14.136871337890598 69.1883364654105 302.081512451172 261.95163416274 43.076752 0.5387062430381769 0 0.2955409951629003
0.131566047668457 8.120849609375 84.4613710547778 277.178985595703 56.1143851820833 32.487014 0.0171659979969263 0 0.4027476196036782
0.399734020233154 3.66207885742188 49.0750262076402 273.521606445312 88.402883345436 33.576192 0.438545912504196 0 0.4336388031009775
1.7109279632568402 4.529754638671879 30.963520902046103 300.08941650390597 130.590438870067 37.416472 0.25583446025848394 0 0.33680798290218616
3.8161821365356405 22.958740234375 313.091453060338 287.5 310.686335432094 34.325728000000005 0.5445458292961121 0 0.2560552108994117
1.72591495513916 11.822418212890598 11.0220022649264 293.75885009765597 130.841017573238 70.348072 0.794490814208984 0 0.1904157590526889
5.41410064697266 10.54541015625 340.631194045406 291.96246337890597 259.982055821123 100.63212 0.315481930971146 0 0.35657433205744515
0.86142635345459 17.1878051757812 247.937289848554 274.82171630859403 171.061198515288 55.97095600000001 0.703459441661835 0 0.06983275579173606
5.56695365905762 14.7802734375 80.58176048450359 300.039215087891 264.04311447100497 30.700638 0.502420902252197 0 0.2959854870312309
1.25730800628662 10.047180175781198 144.882087138609 273.42681884765597 260.460314617401 51.556988 0.144447326660156 0 0.4897559252904553
1.57434558868408 11.6775512695312 33.767758388031105 294.58428955078097 130.015879814619 80.64864 0.9420425891876221 0 0.17532989470467525
3.9986534118652304 15.2404174804688 80.1475056572982 295.395477294922 219.74213587659 42.733191999999995 0.726915419101715 0 0.22341817605803505
3.57465553283691 12.300537109375 28.2288599695929 289.914276123047 264.577150868046 26.709614000000002 0.744953215122223 0 0.3165230041119944
1.97072982788086 20.4281921386719 14.2871254421151 279.491943359375 264.324205631562 40.8507 0.491870164871216 0 0.3711875217106582
1.9944620132446298 11.873779296875 105.151733265599 295.316741943359 131.044843164837 36.726172 0.5586833953857421 0 0.2590612128146928
6.47451019287109 22.6184997558594 183.523176968003 296.864654541016 310.421453394426 118.10031200000002 0.819422006607056 0 0.252239268958467
0.929203987121582 13.421112060546902 67.2685089216425 287.37432861328097 56.774085371712104 73.937152 0.29458454251289395 0 0.4026329824162283
7.65421342849731 18.2577209472656 13.9726526596119 292.03753662109403 265.707383786027 41.575424 0.108788885176182 0 0.3897556018173237
2.62601089477539 8.85833740234375 78.74558592596479 288.600494384766 130.975918712054 36.1166 0.741307258605957 0 0.2370834734615781
2.80416393280029 14.0531005859375 35.0821934268625 297.29901123046903 173.741442152616 38.518908 0.8193219304084781 0 0.21493411676683274
0.933177471160889 13.6575927734375 138.911876524876 275.58953857421903 215.49706766639702 26.329328000000004 0.7655903100967411 0 0.1916153482082586
7.206243515014651 15.0179443359375 8.05120118022413 301.39654541015597 262.549175802042 51.694856 0.6798266172409061 0 0.16545598243478288
2.95392847061157 12.926239013671902 7.20159324873643 289.552856445312 220.256105167987 38.58764 0.22691006958484602 0 0.1754773509371468
2.79729270935059 6.86309814453125 38.8632573760921 282.490203857422 172.53226360302898 42.66214 0.16180472075939198 0 0.4711091765774461
0.8940525054931641 5.263397216796879 80.9876194569007 276.798431396484 127.09057040130699 71.719448 0.630599677562714 0 0.21152603656653865
0.0876989364624023 6.0855712890625 50.3642129944395 288.650512695312 56.1686819894865 33.901828 0.390999555587769 0 0.4659571403154519
0.41136264801025396 1.6590270996093797 12.7370497132164 273.92156982421903 53.7644928659327 33.06985 0.10312715917825699 0 0.367525760859826
0.0656309127807617 5.800323486328121 73.50733546837621 278.392547607422 55.98586695648871 21.803786 0.089686207473278 0 0.4593584259256408
0.876153945922852 3.29867553710938 6.70574058169792 291.225738525391 172.687578745125 37.427284 0.7767698168754581 0 0.1868864597384393
0.995346546173096 22.586120605468803 220.222333093823 277.389312744141 258.787985214827 31.262694 0.5467575192451479 0 0.19536452680325395
0.110569000244141 10.7315673828125 162.60651832373998 273.496856689453 88.9252337419859 72.725176 0.36068695783615096 0 0.3697585406672169
6.1802663803100595 15.730499267578098 18.2731499150037 298.943725585938 312.269773993831 44.787768 0.856227576732635 0 0.26188571980984204
0.7450039386749271 7.38006591796875 80.4468562044242 275.84149169921903 89.8763205879333 33.473526 0.0010651483898982401 0 0.5711899892298331
0.373630523681641 3.14263916015625 27.4506297724581 299.256500244141 90.8109575771356 36.318728 0.0596920065581799 0 0.3461077197423599
4.99282455444336 18.3950500488281 163.10623998989598 297.22869873046903 310.238045282419 44.196076 0.634893834590912 0 0.2690953711478764
0.971712350845337 6.108001708984379 74.4810092527933 277.381439208984 174.355857321436 50.271752 0.00431212130934 0 0.4724486619787374
2.54240894317627 14.9694213867188 37.0709450771337 295.056243896484 218.605889386101 25.94435 0.784964144229889 0 0.21780968294389472
0.90479302406311 7.18853759765625 100.407509967398 274.606231689453 168.788212728824 207.343808 0.46293002367019703 0 0.2511808156185214
0.790786981582642 6.209869384765621 87.3801578284235 276.76434326171903 128.510209892071 23.011470000000003 0.153859376907349 0 0.5229500084789677
3.5469198226928698 8.79244995117188 8.89327915930326 293.25482177734403 174.72732349976798 38.045788 0.625209212303162 0 0.16864225713386055
3.30243587493896 6.375579833984379 62.4165958287675 297.32830810546903 55.628262202152996 228.40788799999999 0.545434594154358 0 0.28065253903996346
5.6767482757568395 14.275238037109402 74.46384039711091 300.31744384765597 263.629323036374 42.063568 0.7719378471374508 0 0.2596646925509521
0.842314720153809 8.68972778320312 34.205788467972 281.013031005859 56.365019682269896 75.76148 0.616127908229828 0 0.3969218500440072
1.6213110685348502 10.5001220703125 80.51329979142591 272.29522705078097 216.57878657132198 23.955046 0.774089813232422 0 0.28973905564225017
0.376104593276978 6.50250244140625 115.90003148407101 266.30267333984403 171.741041203621 34.370432 0.0350986644625664 0 0.5015181988621273
4.2411904335022 16.6416320800781 87.41612283460822 293.650177001953 266.500691541687 41.192032 0.46735447645187395 0 0.3034893020437041
0.137718200683594 7.929595947265621 60.105184819437596 280.804718017578 55.73881441700521 33.064982 0.79954320192337 0 0.3097980736577868
5.9555768966674805 16.1319580078125 102.314850093807 294.10821533203097 220.389103091111 40.088812 0.49982315301895097 0 0.34827320979040804
6.26810169219971 14.010711669921902 29.595990749636304 300.12945556640597 264.190883385376 42.633136 0.042145986109972 0 0.4225333990258567
3.1552619934082 13.391693115234402 110.90035267553301 297.859619140625 219.080055770694 39.96604 0.43951404094696 0 0.2837125592084028
3.7241673469543497 10.2325744628906 100.642327841645 283.638427734375 256.819648952929 30.588041999999998 0.23953750729560896 0 0.4993905982639396
0.45417952537536604 1.5376281738281203 14.5838309462748 275.7509765625 89.0511967238826 33.624836 0.721445441246033 0 0.2021075136005922
2.91597843170166 10.007507324218802 249.04708335507098 295.889007568359 219.72393573012403 115.689144 0.0753441601991653 0 0.35449460127906685
1.38311624526978 13.2700805664062 19.8036177604965 285.059112548828 176.06100368045398 36.182008 0.7196252942085269 0 0.2489328783481388
4.8374080657959 11.3739013671875 7.946721322685679 299.419158935547 217.57184900445998 40.736652 0.44278863072395297 0 0.1162887801110344
1.4980778694152799 15.3363037109375 65.0629396502238 288.9189453125 220.618179864733 38.478756 0.494165748357773 0 0.24988841368825596
0.46531248092651395 8.80856323242188 95.03591679499522 277.70062255859403 89.9483660977208 55.610519999999994 0.845711886882782 0 0.12874712131247334
2.4655742645263703 11.3294067382812 140.026888792494 280.114013671875 261.073205763647 28.611496000000002 0.658912897109985 0 0.2937896902326809
0.454965114593506 11.43212890625 176.278788544268 278.51544189453097 172.569640898653 116.61656799999999 0.89749950170517 0 0.034494437827862434
0.0853500366210938 13.2552490234375 60.0181334999549 292.42626953125 90.6926032368569 50.114052 0.567034900188446 0 0.2569937174931295
2.24107456207275 7.49755859375 53.1207392261594 289.89288330078097 176.835736722911 37.171991999999996 0.155649691820145 0 0.4290860375966461
1.10913419723511 10.658447265625 57.6193835707084 281.613525390625 172.190031546949 36.398920000000004 0.601670563220978 0 0.255517326606566
1.44925785064697 10.2300720214844 162.212359249535 275.47918701171903 174.67634515190898 44.253284 0.00969559513032436 0 0.5182046623819693
5.759142875671389 20.7591552734375 192.555323607546 299.85040283203097 262.88403755444597 74.025024 0.699353635311127 0 0.2295048252627515
4.28523826599121 16.7061462402344 721.036268353629 287.303985595703 311.476488483286 128.63752 0.288553893566132 0 0.3689594716259971
1.7849931716918899 14.606048583984402 84.5680876564147 296.324829101562 262.413543927615 27.655464000000002 0.779934585094452 0 0.18703348180324736
0.394601821899414 16.5329284667969 223.281891292589 279.970794677734 162.606590637372 36.775604 0.18156905472278603 0 0.2789459060085606
7.90332794189453 17.7369079589844 24.957959483748603 302.702514648438 259.04307098529597 43.713336 0.0990427806973457 0 0.4013627575653129
0.129701614379883 7.6285400390625 82.73152698353371 278.462860107422 88.005034070707 11.272793 0.23597496747970603 0 0.3224791237200828
7.774738311767581 17.3485717773438 322.465720367304 299.072052001953 310.144341771866 80.68081600000001 0.94950544834137 0 0.16501976866270976
4.21324920654297 11.4866333007812 45.6462410288177 299.260498046875 218.890348561254 40.489984 0.440333336591721 0 0.3206619131168276
4.77291202545166 12.2967529296875 46.8667258882866 299.633209228516 218.665857446269 40.446624 0.38278698921203597 0 0.3345745252440123
7.08603286743164 15.621795654296902 30.2328082447331 298.976776123047 265.255236672303 42.42044 0.35150560736656206 0 0.4477519864892794
3.02278423309326 16.1093139648438 17.4318623739474 296.392364501953 219.67411773028 36.34168 0.422193855047226 0 0.2338021899489633
0.33674716949462896 8.6964111328125 19.1992452219237 283.60601806640597 57.345376296557895 21.660618 0.865073442459106 0 0.3488128896130106
6.93266296386719 21.9159240722656 51.822793297544 298.212310791016 311.119451950075 56.58858000000001 0.47874617576599104 0 0.3498730849855654
2.12051463127136 11.0580444335938 108.38759467336901 279.930999755859 219.842585235863 39.3938 0.21624569594860102 0 0.4553071122905724
0.0900020599365234 13.739013671875 64.8764756072029 291.194671630859 91.038938452192 141.344976 0.52979040145874 0 0.1734897167696297
7.77160930633545 18.5572814941406 300.737908746313 300.951568603516 308.87535384798997 64.153452 0.701251447200775 0 0.2742583378180465
1.5139088630676298 19.2289733886719 254.33254878938203 279.842987060547 268.30029648265497 31.117308 0.24016742408275601 0 0.3214826074894388
0.42860937118530296 8.08416748046875 51.09175462994579 286.962127685547 175.71122202601398 97.33676 0.0657602399587631 0 0.3670092289617011
8.30153274536133 17.1090393066406 5.0300895887160095 299.320556640625 312.305435939794 91.647432 0.222397178411484 0 0.23341288868997634
0.32466316223144503 7.10888671875 6.468582437327339 292.745758056641 56.03797346132399 38.336068 0.638400137424469 0 0.1803569470020612
0.465626120567322 9.75299072265625 79.990502633993 269.94451904296903 129.680396317961 32.050774 0.43460428714752203 0 0.36283316381811603
4.53360843658447 13.273834228515598 53.009385232984506 298.255126953125 218.513280292971 28.046318 0.68213564157486 0 0.2608424416655097
0.364353656768799 3.27984619140625 87.3498710488154 284.713500976562 132.823394375848 34.966392 0.725764155387878 0 0.15174721272507047
4.22311592102051 11.8209228515625 288.363911187801 293.013153076172 174.76333717761003 131.282184 0.151697292923927 0 0.3821467895012649
7.119704246521 15.613861083984402 25.721407617192398 299.096893310547 268.102170165404 41.939252 0.37214201688766496 0 0.4338167832669659
1.7485644817352302 16.957763671875 116.351108614548 278.431274414062 261.37729684230203 31.447868 0.21363154053688002 0 0.41807361555764255
4.80770063400269 22.1161193847656 29.0013496164742 293.910491943359 266.238484685701 46.776528000000006 0.560300350189209 0 0.3621789102604524
2.08199214935303 11.526397705078098 220.139989153685 284.97528076171903 216.566373126274 42.620656 0.44405850768089294 0 0.27756182963171805
2.56024932861328 15.2739868164062 262.304947428645 282.20269775390597 257.419608686264 38.012352 0.667051017284393 0 0.22224083548664508
1.48679065704346 12.96240234375 129.828248190112 292.363647460938 90.954022312945 38.541264 0.5083322525024411 0 0.2310629298209841
3.9958372116088903 10.5382385253906 41.5842323565867 297.203704833984 220.033960259212 39.981284 0.32068490982055703 0 0.369232281918194
4.41134834289551 9.86016845703125 10.6356736017764 299.925689697266 171.340484646366 39.385344 0.508725345134735 0 0.19784465493377587
4.11520957946777 10.4945983886719 21.448267437827802 284.633514404297 262.937182798489 40.342676000000004 0.213529273867607 0 0.473591812175066
5.558293342590329 19.9915161132812 93.3228309322784 284.44781494140597 130.910573736534 26.686528000000003 0.733964562416077 0 0.2798618589618974
3.72861862182617 11.239410400390598 140.17822480322098 299.137542724609 217.28217747268002 237.817296 0.821515560150146 0 0.16192845028814962
1.47608041763306 4.796905517578121 6.18718910786582 273.984710693359 169.64636909827 35.718288 0.30038636922836304 0 0.24301023970692556
4.58819103240967 22.317565917968803 301.914198827782 289.42816162109403 312.194855609689 33.830228000000005 0.5672773718833921 0 0.2638439680123188
0.376747846603394 5.76593017578125 96.45202021970042 274.88958740234403 88.5962508688373 79.3722 0.577905774116516 0 0.20847802708387095
0.30584502220153803 4.603759765625 56.719721509111004 271.425079345703 54.73694028811279 21.367082 0.43513047695159895 0 0.44985187643010827
5.231101989746089 12.5733032226562 8.330831682829901 299.979827880859 216.80359614302398 197.084624 0.44166427850723294 0 0.12129988490550955
6.1020011901855495 14.5330810546875 66.14879494741821 300.114013671875 263.24843121602197 42.538092 0.859080016613007 0 0.2450751673284005
7.143413543701169 15.896759033203098 21.6754043297822 300.75152587890597 262.906089787682 42.946588 0.8953701257705692 0 0.2408698663588383
0.688162326812744 7.984649658203121 42.2011796422836 275.819305419922 127.24775894440901 34.771396 0.363122671842575 0 0.3994679719838289
0.273266315460205 7.348541259765621 103.996214676109 276.637420654297 175.27575009114102 35.212656 0.14974826574325598 0 0.4455837348672618
4.660547256469731 17.1104125976562 159.959500839779 298.583709716797 310.77024308861303 44.177312 0.925486266613007 0 0.19634882734259085
6.418780326843259 18.7230224609375 152.323982678675 299.557586669922 260.979920548647 146.27801599999998 0.851793766021729 0 0.20378723886586692
4.01835775375366 15.9970703125 287.563319802151 292.840209960938 311.330082625702 33.692856 0.5546947121620179 0 0.26637560314089764
0.738054275512695 15.910064697265598 80.80594928680591 290.31854248046903 90.9324474939432 35.071212 0.440663248300552 0 0.3551996380121065
4.51492118835449 7.275299072265621 50.5346689547327 300.040069580078 170.45847428357 25.78053 0.848072469234467 0 0.25047140843914656
1.8478202819824199 9.18490600585938 74.1174510282301 290.51947021484403 133.36194479494 35.693715999999995 0.906616628170013 0 0.18479513166636666
0.857826948165894 9.92547607421875 100.624623815266 273.414916992188 131.187603463745 22.306966 0.545360267162323 0 0.29609755360084683
0.31310176849365196 13.2639770507812 158.44227723334498 283.734710693359 88.1781651162131 60.432076 0.668838143348694 0 0.10220547770026864
0.19342184066772503 11.648101806640598 138.541875257588 277.521575927734 131.86221525283 22.474882 0.624874174594879 0 0.2037197057854017
0.9403939247131351 7.999908447265621 47.852790258378704 274.385833740234 126.028987142839 28.225147999999997 0.617791414260864 0 0.33319301096138365
0.11696887016296399 10.679382324218802 131.706307793816 273.089111328125 90.55859099882721 59.999376 0.16596336662769298 0 0.4966262442602414
4.12371492385864 17.1015625 99.34570913704701 291.853515625 266.279926244268 41.048632 0.418972969055176 0 0.33117216928106824
0.928234100341797 13.985504150390598 215.589655521229 284.792938232422 219.593750853865 38.698868 0.920609176158905 0 0.05457381525257705
0.41508078575134294 12.816864013671902 188.22937029408797 274.544769287109 172.554358407837 25.752782 0.0999405756592751 0 0.350926642087458
3.06698703765869 4.180633544921879 8.863761674313029 300.49481201171903 130.404887431539 37.668984 0.718263328075409 0 0.18339039876955995
6.33898639678955 16.4486389160156 100.72625486976601 300.438842773438 263.845616929783 73.84365600000001 0.977050364017487 0 0.22871404724786498
0.227506637573242 8.02783203125 75.9771432941927 288.16973876953097 55.9538399831415 36.027004 0.375994741916656 0 0.4412419377861841
0.11779022216796901 5.0533447265625 13.5595440051331 284.66937255859403 55.6283477771747 33.741576 0.413821011781693 0 0.3806571189383558
0.16381931304931602 4.773040771484379 76.4222728456236 298.687377929688 55.871796398672295 50.348071999999995 0.5268484950065611 0 0.3406220270776771
0.20952129364013697 9.60617065429688 79.261894933059 291.54949951171903 91.58559399411871 37.78014 0.18321608006954201 0 0.453543065842553
3.0639810562133802 10.888671875 5.22199815074406 297.073852539062 173.205405662617 219.227552 0.375616669654846 0 0.07377491119644289
1.6359786987304699 13.334197998046902 41.849123751413295 287.17431640625 56.865528216731605 34.18456 0.743315279483795 0 0.3655479005618031
0.265547275543213 2.88165283203125 87.85936934995708 282.234039306641 129.429450255376 35.172128 0.3444942533969881 0 0.12559336443244432
2.26947450637817 10.2388916015625 60.519036932270495 285.93170166015597 220.629276641007 37.940915999999994 0.17391121387481698 0 0.4414379855291766
0.9430751800537109 3.3995361328125 27.1637008672465 301.60784912109403 130.077878426401 58.34044399999999 0.417762339115143 0 0.279428783329167
0.695953369140625 10.329162597656198 177.052617621301 283.754516601562 131.96152950827602 34.695496 0.20813889801502203 0 0.2941030220255409
0.20776128768920898 4.947357177734379 162.156892208296 272.890045166016 127.78087534526001 57.337328 0.0259707383811474 0 0.3322885340486172
3.1389322280883802 11.403961181640598 33.2650120478766 290.014129638672 254.082098076852 27.402965999999996 0.584076464176178 0 0.30688882761176045
4.3070383071899405 16.5904235839844 100.11827655315099 294.42620849609403 313.015408961363 28.2136 0.425743460655212 0 0.39965560988446397
0.28397774696350103 8.63641357421875 104.04961929482401 273.70806884765597 90.34132984493851 33.881264 0.313003271818161 0 0.4956538952173252
7.0201520919799805 13.7874755859375 12.4658175577541 299.740692138672 264.56016717595503 27.715712 0.24507847428321802 0 0.3444369967166503
1.4161682128906203 12.296905517578098 50.3752586627394 300.608245849609 172.053263857321 171.427232 0.598390460014343 0 0.16362068216972225
0.518993377685547 12.4356689453125 106.808328910901 295.92578125 55.60454283569221 40.473276 0.849918127059937 0 0.03808090820794285
1.05310535430908 11.6624145507812 13.956275958666 290.19500732421903 132.264066405645 56.946228000000005 0.9163523316383358 0 0.20624014003319613
0.639316558837891 10.9888916015625 49.972338670777 294.463043212891 90.61599858409892 150.872096 0.366037577390671 0 0.28085996243544353
0.526926279067993 10.898956298828098 37.305866115598505 273.694366455078 91.15525451958479 21.755688 0.5553871393203741 0 0.3943808324228342
3.7626314163207994 12.5276489257812 9.59585199158746 293.17041015625 175.09805021742298 37.640772 0.7441405653953549 0 0.1611857942258542
6.10513782501221 15.762603759765598 24.0873956760478 300.54736328125 262.16681345009397 30.949964 0.8896830081939701 0 0.21654076272912648
1.1480305194854699 6.012969970703121 156.97783817626998 280.02978515625 173.254299117529 23.557978 0.346630126237869 0 0.3505794693348654
0.5286197662353521 9.37808227539062 21.0401760696663 293.726928710938 55.863932398540705 56.03674 0.38106802105903603 0 0.3436461937002113
5.9362497329711905 15.3455200195312 42.409640424763 298.34112548828097 265.171461768285 30.369011999999998 0.404953211545944 0 0.3971488516491494
0.23320960998535198 15.066253662109402 100.725878746933 291.129608154297 55.3181056359184 40.245024 0.442502975463867 0 0.2933534736146189
2.5318355560302703 9.14370727539062 269.5923007654 298.242279052734 172.97960686772203 94.520288 0.7677582502365109 0 0.05153839015603602
0.63344669342041 12.996368408203098 25.5985624453265 285.179931640625 131.453347152996 36.18894 0.780331254005432 0 0.22215788416514384
3.32824277877808 12.4560546875 15.676578904018 288.967407226562 132.431124938101 35.952976 0.0136943589895964 0 0.32877907088483305
4.178087234497069 15.206329345703098 82.3026189779078 297.621063232422 218.71930418488 26.375594 0.6139507889747621 0 0.2601649006330751
0.24758768081664997 1.8323059082031203 10.9492635466152 279.367584228516 91.32185038207409 33.49537 0.146037682890892 0 0.31074047524640763
6.171611785888669 15.478179931640598 27.2509103611335 299.210693359375 263.764266500839 42.60774 0.5799556374549871 0 0.29028587501540404
5.927142143249509 16.2292175292969 100.978445798114 298.220977783203 262.798363827215 82.54079200000001 0.476998060941696 0 0.31350606051376884
0.9409842491149899 13.4080200195312 89.66481021924471 280.60015869140597 92.4356415269719 24.855744 0.864505171775818 0 0.15229582348434076
2.18741798400879 6.82177734375 91.9926332639691 292.882659912109 131.21019512556802 38.339648 0.52726411819458 0 0.3164433142712595
0.197179436683655 16.4385375976562 44.9251216769028 271.38482666015597 220.72281461435298 36.063448 0.28851410746574396 0 0.2921076945982748
0.273050308227539 2.30050659179688 114.468811171262 273.351196289062 131.587619918768 22.125557999999998 0.39230740070343 0 0.0767089975805395
0.331389427185059 2.99734497070312 23.7504145731555 291.83447265625 56.1387977904716 34.358596 0.9376018047332759 0 0.32532428805880786
4.94061946868896 18.5033569335938 154.297201470088 295.523834228516 265.33346155174 41.799324 0.3918741941452029 0 0.341641054660714
7.19838809967041 22.951232910156197 437.583826296343 298.19952392578097 309.81219739906504 64.584616 0.48987188935279796 0 0.2750333095445009
4.76483154296875 13.860687255859402 128.473310366868 297.838592529297 263.18588081047795 51.219296 0.9284766316413879 0 0.20389242966698376
4.28414011001587 13.6173706054688 296.507359709808 289.89251708984403 259.165752759737 33.362074 0.390689671039581 0 0.2867483748214333
6.4752912521362305 15.434967041015598 44.36980681931029 297.62445068359403 264.865294136875 27.52471 0.456034392118454 0 0.4277746157268158
4.02035999298096 8.81613159179688 77.5340474354254 292.488159179688 174.411899046043 42.937 0.817164242267609 0 0.24901529691054716
1.84623432159424 12.7288818359375 110.93668360097999 280.086181640625 217.932902455829 56.002356000000006 0.6288023591041559 0 0.2512679970176065
1.2584977149963401 3.59954833984375 27.9548876168565 282.923004150391 126.15756541013599 36.017912 0.0814008861780167 0 0.3965883234006679
4.79849529266357 13.199432373046902 20.2613717744208 298.68463134765597 219.179998332479 41.141135999999996 0.641586244106293 0 0.2354927168621596
0.573163032531738 2.23318481445312 5.26255820737679 292.921905517578 91.2101597742824 64.470444 0.663099765777588 0 0.18907335926383514
2.7833900451660196 9.53604125976562 11.0916735206234 298.025665283203 173.776553804369 43.100232 0.179071217775345 0 0.23965790023966685
0.0602197647094727 6.689178466796879 71.9810826030531 285.348297119141 55.9176811332811 46.437588 0.7626955509185791 0 0.2563984411393879
0.20699930191039997 2.59219360351562 18.4650187019968 278.28082275390597 89.8784314896263 33.668368 0.324844419956207 0 0.3653964006779201
0.150599718093872 11.133056640625 81.65425865450129 273.176513671875 55.6207470549555 40.991084 0.60761296749115 0 0.280951072632864
0.5463619232177729 10.0891418457031 58.294406432466296 296.265045166016 90.13864522054459 36.051228 0.519225478172302 0 0.3223266902871068
6.1864948272705105 15.07275390625 41.7727028677666 300.559204101562 263.14178786863 42.671176 0.753359615802765 0 0.23002483242761934
2.03042697906494 10.120788574218802 201.769233011512 293.21044921875 132.263191070629 162.78590400000002 0.987487971782684 0 0.025784375654619874
0.9216988086700441 3.19424438476562 22.4316938492752 274.213256835938 126.199471463015 42.334484 0.523265957832336 0 0.356629038250613
0.134814023971558 7.54168701171875 73.1365132392799 270.675689697266 89.90260787773991 70.480896 0.7439727187156681 0 0.15956442523030628
7.15178680419922 20.59521484375 245.00719945074698 300.0263671875 310.648988507309 42.029608 0.8689205646514889 0 0.2497111848442523
1.09507703781128 4.272613525390621 8.37335661808452 282.184112548828 126.90673148654 35.784704 0.618260025978088 0 0.23618941719256326
2.69738101959229 9.3663330078125 90.1311460965944 284.51171875 213.822173996081 46.970684000000006 0.233378767967224 0 0.4236196713046772
7.6720294952392605 17.1533508300781 124.711835254623 300.245513916016 309.328184401642 32.148732 0.7916478514671329 0 0.29746711296287026
1.65602684020996 8.69668579101562 10.8301686470068 292.858551025391 132.876884054341 54.930007999999994 0.9296028017997741 0 0.194965481868316
3.4261670112609903 9.21420288085938 324.512438038797 289.692352294922 217.845892739594 54.238912 0.6988442540168759 0 0.13264080091568778
3.29157543182373 14.21630859375 108.929698823985 291.920318603516 175.046716513413 37.492928000000006 0.294022649526596 0 0.3843357288770573
0.34589934349060103 2.44442749023438 118.104699101826 276.74737548828097 215.161706729021 37.183840000000004 0.0243946090340614 0 0.12547605060747938
3.1088547706604 18.0570068359375 104.858514366449 290.32196044921903 220.893793493918 50.163492 0.5938602089881899 0 0.24054739610415665
3.2717609405517596 16.5714721679688 6.012182731679831 295.011383056641 91.1495772754155 52.74746 0.601427674293518 0 0.115179907991593
1.33192586898804 7.219482421875 40.641470966043 277.044952392578 163.30672480256598 37.144512 0.678717911243439 0 0.32341838680685336
0.21909427642822302 2.50689697265625 26.5706003175145 293.465454101562 91.45300324817329 35.319212 0.47731009125709495 0 0.2894838083943501
0.5052177906036379 7.305816650390621 34.6979381268879 272.721160888672 128.178509068622 34.20856 0.140690833330154 0 0.4475318710515892
0.806464195251465 16.2180786132812 8.60682890461799 289.662719726562 221.127922130775 38.336824 0.5298783779144289 0 0.13342609423618015
2.09781646728516 13.869842529296902 176.00813657406601 285.254302978516 261.388766881182 39.117764 0.206465765833855 0 0.3848684670761669
0.966521263122559 8.62890625 30.056713946921896 298.483978271484 55.408853033385604 84.581424 0.0532386898994446 0 0.3738433880265419
6.69702434539795 17.3738708496094 19.114666815049 298.939575195312 311.375954991531 31.97431 0.933175504207611 0 0.2435752733202293
2.56603860855103 8.65948486328125 35.3956001675478 284.03424072265597 219.975718716162 27.675246 0.20373784005641896 0 0.457386626321308
0.15487766265869102 10.755645751953098 127.45276701077101 276.032073974609 130.277803508977 37.397464 0.775603711605072 0 0.11945929415103132
0.0686049461364746 11.578094482421902 81.449281555794 281.138336181641 57.011157444281 35.895764 0.746290028095245 0 0.2174949114490513
6.71726512908936 17.3251037597656 86.62025819866061 299.382537841797 311.487827595687 43.038492 0.301360011100769 0 0.4200018545753319
0.719849586486816 8.70281982421875 75.6313362617295 271.596527099609 167.281895075275 23.405072 0.197291553020477 0 0.4950101056610991
1.4333062171936002 6.850555419921879 28.938948949071 290.349243164062 163.660835380067 98.85712 0.45933786034584 0 0.31362028513193035
0.6022610664367679 6.070220947265621 133.99449616781402 273.81805419921903 127.553003170117 49.704679999999996 0.323196291923523 0 0.3860960019633017
1.4802350997924798 10.0553283691406 143.970148829148 275.88726806640597 208.43389579066502 27.591573999999998 0.35999384522438 0 0.376538176695851
2.8934650421142596 10.284240722656198 15.856210714780099 296.274688720703 130.91699982773997 37.142296 0.7363682389259342 0 0.24019000648177224
2.54782104492188 14.2378540039062 202.37308787476897 283.665802001953 250.00455561509997 39.393144 0.135309010744095 0 0.4446533060700697
0.149335861206055 9.54763793945312 46.753160565890006 297.77435302734403 56.0821199940454 134.608656 0.7555444240570072 0 0.17879889737139928
5.561004638671879 13.733428955078098 37.2549130831742 299.174682617188 265.912713004068 42.158024 0.442305535078049 0 0.33542545847789196
4.29616165161133 11.123291015625 43.113648164224394 300.89447021484403 217.281466261895 40.309896 0.8396640419960021 0 0.22169789292047007
5.67130947113037 10.6995544433594 18.729948311735 299.66949462890597 217.34844741373502 40.798624 0.14402610063552898 0 0.3201715812616211
3.51113414764404 15.971099853515598 143.14394260334998 295.803802490234 267.928441910457 41.554008 0.59468799829483 0 0.2471467453042261
0.6990041732788089 6.63580322265625 114.11214325961599 284.15362548828097 91.70788396326721 34.110215999999994 0.5135614871978761 0 0.3212072682326416
5.67522430419922 14.632049560546902 354.095082622885 292.694793701172 263.32297336539 94.742672 0.35081437230110196 0 0.3555162378379697
0.8843717575073241 14.3439331054688 89.8992230907987 286.342437744141 131.692028874313 23.541567999999998 0.60075569152832 0 0.22114781263342412
0.076690673828125 3.24505615234375 4.89389721408067 280.70208740234403 55.7434340189293 32.885456 0.32500159740448 0 0.2661657143859611
5.21331787109375 14.274200439453098 12.562038392465599 298.18890380859403 218.04918609617098 40.432235999999996 0.420214027166367 0 0.20818836410949254
6.851654052734379 15.2347412109375 7.14138347803259 302.062957763672 261.567984094208 43.378596 0.8171826004981991 0 0.049575031358644016
0.23565316200256303 8.11026000976562 114.47085574201901 267.188354492188 166.63193352586399 23.041062 0.29843226075172397 0 0.4203610835966162
1.04489648342133 10.259338378906198 169.13426694886002 272.96075439453097 207.57214434575403 28.613744 0.5140036344528199 0 0.2866498269024045
1.5634059906005902 9.184814453125 19.0496084952391 283.773071289062 130.217664463087 27.622002000000002 0.14223073422908802 0 0.3628448322303166
6.01769351959229 17.1706848144531 112.236036384127 297.696899414062 265.36082981144 55.472508 0.371469020843506 0 0.36255527832439577
5.69832801818848 15.027435302734402 23.324285506534 299.100921630859 264.802688673212 42.545972 0.9272058010101322 0 0.21442326108384288
3.21702289581299 17.8757934570312 496.917257789139 284.470245361328 267.178004453852 76.477824 0.7069860696792599 0 0.15738965720837028
1.4211609363555902 11.0985717773438 219.69171847886298 274.713714599609 259.705760365957 70.476904 0.573684394359589 0 0.26262862630773964
3.56707048416138 11.3865356445312 27.4875862173623 285.270721435547 174.57646819976398 36.706844 0.697644829750061 0 0.34366958205567705
0.817285537719727 9.03741455078125 69.3488651675646 291.0263671875 91.2992085255101 35.16854 0.37026247382164 0 0.42075935542749376
5.31314945220947 14.550689697265598 44.5008638358391 299.52301025390597 263.183837985655 30.659715999999996 0.626580238342285 0 0.2646799512480151
0.0188016891479492 1.432861328125 12.7394554241634 286.32452392578097 27.463689195402196 83.58148800000001 0.574570119380951 0 0.08995472460682638
3.6356751918792702 16.7144470214844 84.1935532793943 283.202789306641 217.42362240940798 38.280640000000005 0.5081472992897029 0 0.3825290794577033
2.4039111137390097 12.4673461914062 145.888173596637 287.424713134766 217.580571328226 39.21046 0.82275402545929 0 0.1914283940190844
0.0923933982849121 6.8675537109375 97.87757910335921 278.745941162109 56.312526171324905 21.521032 0.236211597919464 0 0.35439200064674964
4.2930269241333 11.9869384765625 17.8341684649799 300.752410888672 172.205331290928 77.87828 0.817798912525177 0 0.21399065917841092
1.10429620742798 7.940765380859379 24.632897606982798 280.906402587891 131.983943314683 34.753284 0.0899479910731316 0 0.3981514107304813
6.30321598052979 17.2160034179688 92.86259499430429 299.96868896484403 311.89237661511004 42.937936 0.936844110488892 0 0.26433505800640505
0.610917568206787 8.153564453125 48.71201066488971 276.933380126953 129.106703846105 34.688691999999996 0.5198031067848211 0 0.33844148909546257
0.85139274597168 21.2800903320312 283.585570603596 279.897430419922 264.193825213485 63.074532 0.7358044981956479 0 0.10183731452826647
1.1152162551879898 5.118804931640621 26.562192064443398 291.03009033203097 56.0774398878884 150.75096000000002 0.6296151876449579 0 0.3270971328704068
0.353270053863525 8.469970703125 21.007399939177603 280.321197509766 55.7676173272945 48.826464 0.182942420244217 0 0.4176884098981648
0.0321159362792969 12.741790771484402 30.213944392418 281.373565673828 56.0958061656938 36.189836 0.127250090241432 0 0.4600842059988717
0.267131805419922 3.14956665039062 6.6012013134809395 296.747406005859 89.66977166025829 36.233264 0.8415435552597049 0 0.1657567874855314
1.9716854095459 5.582183837890621 52.4777897567064 290.801666259766 215.73613939889702 25.624646 0.5446819067001339 0 0.30869985006282474
1.7730817794799798 11.101776123046902 6.3054020337628796 292.654693603516 131.827281125633 69.822136 0.537942707538605 0 0.15546774915270598
0.44451141357421897 9.77587890625 90.5156796406964 287.104644775391 56.25920557750461 33.702928 0.35907995700836204 0 0.3989823688327222
4.51143074035645 17.0892639160156 38.726488864466 296.222930908203 266.65017945157103 41.462696 0.700839400291443 0 0.25209400297887
1.54129672050476 10.356384277343802 145.236982324688 276.211547851562 174.10312274854 25.890928 0.30888557434082003 0 0.4010827377816024
0.288289546966553 3.49160766601562 99.00996751984819 281.308013916016 128.948713666946 35.213576 0.24045634269714397 0 0.2247161336853263
5.44020652770996 16.9461364746094 67.2496466130419 298.387359619141 310.195077868954 44.336064 0.48189577460289 0 0.3556990504965403
5.73089742660522 11.0164794921875 5.68260891725276 299.767120361328 263.055711346347 42.154528000000006 0.462331742048264 0 0.12278331522992887
1.03101921081543 10.0420837402344 176.081247138163 272.839202880859 215.193706139272 102.290944 0.704876899719238 0 0.17071851921996456
0.885181427001953 3.64370727539062 6.42080940776363 300.37359619140597 90.4492932597177 36.54592 0.8990959525108341 0 0.1488763600268206
1.5602865219116202 11.4712524414062 119.70266279708099 280.09490966796903 175.036132686126 23.498176 0.454314172267914 0 0.319226032266994
1.08126330375671 4.23565673828125 109.14225863822399 281.712860107422 167.987905768872 24.228735999999998 0.203051492571831 0 0.3513480941159105
7.41194152832031 18.3889465332031 114.84063387355499 302.142913818359 313.034820762946 44.76702 0.26150605082511896 0 0.4189908959957484
0.45640778541564897 5.96044921875 103.682335810546 270.982543945312 171.452040261678 35.134908 0.371056407690048 0 0.3716681865865029
0.533470153808594 13.718994140625 189.894024488774 295.350616455078 129.455495581833 95.048536 0.29831814765930204 0 0.3011600226837963
0.6485843658447271 7.45556640625 70.37547718574879 283.931610107422 57.0284634704813 21.79329 0.146150767803192 0 0.4527120327647141
3.2897481918335 12.829986572265598 7.99559639270181 290.1376953125 220.202959501971 136.69791999999998 0.196735143661499 0 0.2151118863161093
5.79740810394287 13.490447998046902 31.844871466892 298.965209960938 218.350439774807 40.307320000000004 0.8406416773796078 0 0.2475116337877889
1.26614809036255 9.85247802734375 87.5389605161144 284.125518798828 92.20998781458401 34.16932 0.5703719258308411 0 0.31974394136675605
4.7981863021850595 16.9007263183594 66.2385335485738 295.338775634766 218.62728531016003 50.948212 0.6461753249168399 0 0.2644953537449243
3.9674472808837904 17.2991943359375 263.149387958797 285.120086669922 312.099738013173 33.161640000000006 0.523193120956421 0 0.31026297132100644
4.17887878417969 11.0336303710938 58.820329185270396 297.090545654297 265.189200835373 41.814440000000005 0.0320918597280979 0 0.4232083714400568
0.8287949562072751 11.1671752929688 135.631441801444 283.519317626953 91.4143397548994 22.643824 0.315602660179138 0 0.25390355018149546
9.05003070831299 18.2321166992188 27.630453203102398 300.889251708984 310.40703853795503 44.485312 0.530933439731598 0 0.3384761795355826
0.700688004493713 6.32611083984375 153.402237266191 270.019073486328 260.650130862673 24.671866 0.4185034334659579 0 0.3454319736931995
2.5708808898925803 11.6729125976562 194.589767407461 281.58673095703097 214.43362241494802 29.899392 0.0265332832932472 0 0.4282752496748384
1.2952232360839802 9.38717651367188 6.800338550124151 276.02899169921903 128.561769801391 34.713832000000004 0.26422983407974204 0 0.23860182530051954
0.0301907062530518 11.3645629882812 45.7698886247083 271.78021240234403 56.1496904430562 31.787371999999998 0.0971180126070976 0 0.4871444649928986
5.3371076583862305 11.2322998046875 12.2167543596849 300.439483642578 217.916485653526 136.03616 0.9190873503685001 0 0.10605401462514197
0.221244812011719 10.116516113281198 89.7835206047938 288.521942138672 56.6685956089176 89.198032 0.16513718664646101 0 0.4163711943023515
0.761000633239746 9.38897705078125 56.9910122940043 282.543548583984 91.9227268869048 33.95386 0.7979711294174191 0 0.19781287988956797
5.20735645294189 13.702117919921902 161.668277419412 299.034942626953 264.537849977699 27.646241999999997 0.815042853355408 0 0.22510685950620446
0.9981961250305179 6.751129150390621 111.748066850934 280.337554931641 127.276669285305 34.918408 0.29120737314224204 0 0.4326769793064193
3.01252174377441 9.63909912109375 45.680067876387206 290.077392578125 174.884073831426 18.202972 0.6382936835289 0 0.338186450934093
5.5376443862915 15.377716064453098 72.8065650611672 299.93218994140597 261.669435601867 41.368512 0.40692827105522206 0 0.3295985250213813
0.18993043899536102 6.172607421875 57.5271976515234 274.943267822266 90.2460568836186 46.013971999999995 0.00361370388418436 0 0.5055203895429448
3.10536098480225 12.622283935546902 14.7713929039557 292.186920166016 174.15485512390597 37.905576 0.12140922993421602 0 0.2990039383193772
5.5655202865600595 13.764007568359402 40.8499281633605 300.02557373046903 263.766787148117 42.621648 0.448759913444519 0 0.3256604729913476
3.15118455886841 14.9781494140625 138.85143391443398 294.947845458984 313.747928084261 43.164284 0.31648069620132396 0 0.30519455069828466
1.46268224716187 12.922607421875 133.39332164745 288.44073486328097 173.482343885524 60.039404000000005 0.220391258597374 0 0.3592432323394369
1.86631965637207 6.147308349609379 17.649321577407697 302.150146484375 266.877085122072 583.9725440000001 0.249408558011055 0 0.2725152632446506
2.6486153602600098 14.1635131835938 233.000650642133 283.86187744140597 260.128819258808 35.68346 0.8341819643974301 0 0.14685387809192946
5.16677474975586 12.700714111328098 26.6966799500308 297.58917236328097 217.85079862235 40.169247999999996 0.824311137199402 0 0.2431205152934031
2.78226852416992 11.441650390625 104.063286664288 288.317993164062 218.255362222502 38.783176 0.14188085496425598 0 0.4428659026189905
1.7594165802002 11.714813232421902 21.362962349631 293.853637695312 174.159555559474 57.506612 0.9352183938026429 0 0.20513472649955855
5.43575382232666 12.5885620117188 36.4925019479026 297.151763916016 218.722051671421 26.323552000000003 0.7475410103797909 0 0.2746658821278876
0.131721496582031 11.284332275390598 62.638472943608896 295.203826904297 55.587889299646996 56.697644 0.7560505867004391 0 0.16229194706737027
2.4739933013916002 7.048492431640621 85.16373331464459 291.337524414062 130.97817771786 26.640968 0.586646497249603 0 0.3056973419628753
6.141283988952639 15.20703125 16.7090038030872 302.232269287109 261.24551334566297 123.28352 0.9112457036972049 0 0.17547831659803695
0.44002246856689503 11.714630126953098 91.79059385780741 288.750091552734 56.151131228405106 33.836108 0.187525987625122 0 0.4047608178697121
0.373625755310059 7.058807373046879 47.3559881836743 294.537384033203 54.2276382252441 35.46162 0.282604813575745 0 0.4431362897402761
6.50918054580688 18.51123046875 74.0424091083018 296.843627929688 309.749604511769 44.704304 0.21129377186298395 0 0.4480669279531578
5.882525444030759 15.411407470703098 89.2771721859026 299.9765625 263.813370382305 27.97881 0.795482158660889 0 0.256970763424628
0.54872989654541 12.8663330078125 138.21046732602102 276.85736083984403 129.336215089375 27.334265999999996 0.17178724706172901 0 0.4026737582184545
2.73951315879822 12.784942626953098 115.130383833223 283.73486328125 248.852582144889 37.646436 0.159741908311844 0 0.4730078843273352
0.17793273925781197 10.140319824218802 84.2466660532216 294.461456298828 91.55495666137129 49.5344 0.50114244222641 0 0.309000196896316
1.3345460891723602 12.6017456054688 17.2669848120814 291.041107177734 131.295489831692 47.6288 0.7955566644668579 0 0.22379299198912012
1.48835492134094 5.39324951171875 157.030338247208 280.016998291016 171.251357670295 93.302696 0.476653009653091 0 0.23406217189696715
0.495476007461548 3.42526245117188 35.97078813520321 279.239013671875 87.267180095764 22.765034 0.699791610240936 0 0.3820462656107049
1.9873764514923102 11.6565551757812 146.728965528554 285.748504638672 263.530552702879 26.28032 0.450509607791901 0 0.3149908646310117
1.24249792098999 7.0640869140625 45.941664443198 285.480316162109 129.52673059895798 35.681692 0.6265628933906561 0 0.3121318517809681
8.70592594146729 21.1184387207031 23.6631209767323 300.456024169922 309.68268196017505 57.914131999999995 0.582213282585144 0 0.3131657032571121
1.87547969818115 8.88726806640625 23.7633118540154 281.08062744140597 214.60990859120602 37.99738 0.400611102581024 0 0.3847502626606528
0.453940629959106 11.2271728515625 77.7529569702938 277.094940185547 92.62704331193831 43.068656 0.295097976922989 0 0.4663770818730608
0.646368741989136 8.05279541015625 78.8026669001798 276.126739501953 132.416942370453 187.866512 0.277654975652695 0 0.3519501193323996
0.0494899749755859 13.1521606445312 113.473565252306 271.61480712890597 55.9302710403705 36.290348 0.22776497900486 0 0.23287180465363064
0.38558101654052707 2.84365844726562 39.3670620008459 275.192657470703 88.9295380420501 33.630064000000004 0.193443402647972 0 0.3912760329952827
0.450601816177368 13.1576538085938 95.35917573406549 274.014251708984 129.07311220964502 34.334288 0.741096198558807 0 0.1792451400990218
0.36514949798584 14.485626220703098 115.806610127248 286.013671875 92.54652214622101 22.703962 0.0779292657971382 0 0.2909433086150985
0.914396524429321 5.890045166015621 67.5070633157333 272.60150146484403 129.25955375907802 24.862873999999998 0.246007993817329 0 0.5090740848188633
6.6531047821044895 16.4172058105469 55.407939781763 302.092864990234 261.67408028912797 43.211868 0.5875022411346441 0 0.2725680999033306
0.545023441314697 13.362060546875 39.4655651288533 273.797698974609 131.434776876965 25.2523 0.295823335647583 0 0.4072599249393197
