1.67808532715e-02 1.84381103516e+00 2.87504719889e+01 2.78084075928e+02 5.53242743856e+01 3.87971360000e+01 7.43321776390e-01 0.00000000000e+00 7.58759562135e-02
7.19261169434e-02 1.07925415039e+00 1.79126327725e+01 2.80893310547e+02 5.52004689127e+01 5.58074160000e+01 4.67218279839e-01 0.00000000000e+00 1.73956467664e-01
1.70596218109e+00 5.61538696289e+00 4.12369932013e+00 2.98082550049e+02 9.08012057845e+01 1.97825840000e+02 7.47719168663e-01 0.00000000000e+00 8.57053181376e-02
2.89582729340e-01 1.14116210938e+01 1.26266433188e+02 2.64812072754e+02 1.68377400059e+02 3.46942160000e+01 5.37304043770e-01 0.00000000000e+00 2.31500294905e-01
4.41079139709e-02 1.38235473633e+00 6.24501328664e+00 2.73054016113e+02 2.68803553198e+01 3.20228320000e+01 1.51579705998e-02 0.00000000000e+00 2.34889206333e-01
6.08120918274e-01 1.06007690430e+01 8.32372837910e+01 2.74745422363e+02 9.25207159347e+01 1.06923690000e+01 1.67185828090e-01 0.00000000000e+00 3.71249227079e-01
3.82401561737e+00 9.30889892578e+00 7.55018646469e+00 2.93538848877e+02 2.63398679436e+02 4.12524800000e+01 9.18522709981e-05 0.00000000000e+00 2.39770151462e-01
9.95160102844e+00 1.98880310059e+01 1.51915477068e+02 3.01206542969e+02 3.10613427982e+02 2.92949380000e+01 2.48456045985e-01 0.00000000000e+00 4.57606357245e-01
3.34200096130e+00 2.30429077148e+01 2.75508560015e+01 2.94036865234e+02 2.65661655656e+02 4.11784720000e+01 6.41954779625e-01 0.00000000000e+00 2.05282116907e-01
2.50006389618e+00 2.00549316406e+01 7.69175998621e+02 2.79090911865e+02 2.59899298753e+02 1.21264240000e+02 2.85115271807e-01 0.00000000000e+00 2.97990253763e-01
4.67674446106e+00 1.26162414551e+01 6.31608933177e+01 3.04957122803e+02 2.62465214142e+02 1.14236232000e+02 9.53590214252e-01 0.00000000000e+00 1.94977767519e-01
6.80071640015e+00 1.82181091309e+01 2.55964824987e+01 2.95089416504e+02 3.15039134370e+02 2.83231460000e+01 6.98679864407e-01 0.00000000000e+00 2.86376112556e-01
2.47566342354e-01 1.07565307617e+01 1.60572450097e+01 2.73044616699e+02 1.32859252553e+02 7.03381184000e+02 5.75493156910e-01 0.00000000000e+00 2.74879273742e-01
3.95215988159e-01 4.69006347656e+00 4.25045637014e+01 2.99261413574e+02 8.94175328063e+01 1.73228416000e+02 9.98666763306e-01 0.00000000000e+00 1.08800072717e-01
3.11234474182e-01 4.56594848633e+00 2.16269595630e+01 2.95610290527e+02 9.15908770774e+01 5.60988720000e+01 3.10318201780e-01 0.00000000000e+00 3.25710781963e-01
3.11463356018e-01 3.09738159180e+00 2.58508532845e+01 2.95561218262e+02 9.09658827555e+01 5.26570760000e+01 7.58384764194e-01 0.00000000000e+00 2.43426092728e-01
3.01260709763e-01 7.40280151367e+00 6.04855369078e+01 2.68471191406e+02 8.89654510516e+01 2.16033360000e+01 1.58081337810e-01 0.00000000000e+00 5.32981696251e-01
4.07915115356e-02 5.21792602539e+00 6.65592205867e+01 2.75330535889e+02 5.63258839210e+01 2.11902800000e+01 6.42931997776e-01 0.00000000000e+00 3.84038659965e-01
2.35717296600e-02 4.41662597656e+00 1.53243282115e+02 2.71596527100e+02 8.96334748057e+01 8.83037280000e+01 4.04460057616e-02 0.00000000000e+00 2.27655221840e-01
1.10220909119e-01 4.08071899414e+00 6.82624301044e+01 2.74750762939e+02 5.53410927051e+01 6.75978000000e+01 3.40094923973e-01 0.00000000000e+00 3.60271937753e-01
9.05398368835e-01 8.49874877930e+00 1.85933737489e+02 2.75784454346e+02 1.71101527658e+02 2.38084340000e+01 1.99972450733e-01 0.00000000000e+00 3.61041794747e-01
8.58204483986e-01 3.78240966797e+00 1.58175669799e+02 2.73847259521e+02 2.13904300852e+02 2.41061020000e+01 2.76976376772e-01 0.00000000000e+00 3.09898026531e-01
3.15823078156e-01 7.78646850586e+00 1.16498775046e+02 2.72809082031e+02 1.34991758633e+02 5.46100120000e+01 1.55607759953e-01 0.00000000000e+00 4.51942274742e-01
8.33614826202e-01 7.24368286133e+00 8.71345541788e+01 2.74131286621e+02 1.73370112580e+02 4.97681160000e+01 6.68273925781e-01 0.00000000000e+00 2.36510208682e-01
1.00508069992e+00 6.27886962891e+00 8.83914732528e+01 2.79976654053e+02 5.41491339229e+01 3.36532160000e+01 3.71765233576e-02 0.00000000000e+00 4.40159808900e-01
7.42268085480e-01 7.93554687500e+00 6.81050405658e+01 2.81436798096e+02 9.01944213698e+01 2.68356240000e+01 8.96840214729e-01 0.00000000000e+00 1.76380255722e-01
1.22984409332e-01 3.29287719727e+00 6.97019986982e+01 2.82579284668e+02 5.61873934366e+01 4.84424080000e+01 2.52530634403e-01 0.00000000000e+00 3.47584013440e-01
1.72857284546e-01 8.33728027344e+00 1.20305942033e+02 2.79252532959e+02 5.55098949805e+01 1.13337584000e+02 8.13930273056e-01 0.00000000000e+00 6.19854851105e-02
6.50722503662e-01 4.61245727539e+00 8.65698733454e+01 2.83919555664e+02 1.73034507770e+02 2.39311740000e+01 2.64209270477e-01 0.00000000000e+00 4.13381849950e-01
1.43994903564e+00 6.61331176758e+00 9.16617473260e+01 2.91832336426e+02 1.31118861808e+02 2.38841300000e+01 9.37217891216e-01 0.00000000000e+00 1.88874818900e-01
1.25440073013e+00 4.53039550781e+00 7.27259367894e+01 2.81048065186e+02 1.67418825625e+02 4.29692480000e+01 2.59516924620e-01 0.00000000000e+00 3.60505101640e-01
1.49429368973e+00 8.55981445312e+00 1.41857012056e+02 2.76819427490e+02 2.64921826855e+02 3.85155520000e+01 6.35841786861e-01 0.00000000000e+00 2.84301998788e-01
9.01345729828e-01 9.88751220703e+00 6.10031105529e+01 2.80657989502e+02 1.29676055451e+02 2.30866700000e+01 1.15488700569e-01 0.00000000000e+00 4.66977374845e-01
1.64255285263e+00 1.48356323242e+01 7.13339187813e+01 2.78494781494e+02 9.25889243059e+01 2.22870680000e+01 5.65405547619e-01 0.00000000000e+00 3.91627474483e-01
7.06262588501e-02 9.82583618164e+00 5.12098325555e+01 2.74040618896e+02 5.59575017948e+01 1.47876576000e+02 1.99090823531e-01 0.00000000000e+00 4.15807662638e-01
2.61724948883e-01 1.12808227539e+01 9.12720545937e+01 2.77100402832e+02 9.14165914712e+01 3.33589020000e+01 5.67973971367e-01 0.00000000000e+00 2.84872636603e-01
9.42656517029e-01 1.30934143066e+01 9.06737995205e+01 2.74536437988e+02 1.69942889521e+02 2.75198780000e+01 2.05844581127e-01 0.00000000000e+00 4.61592854199e-01
9.41698074341e-01 1.15495910645e+01 7.06068406165e+01 2.74709167480e+02 1.73658895090e+02 2.30595260000e+01 6.96734488010e-01 0.00000000000e+00 2.33523606318e-01
1.00881099701e+00 9.14776611328e+00 8.67777785580e+01 2.81083892822e+02 1.71180652926e+02 3.66556040000e+01 1.47915482521e-01 0.00000000000e+00 4.54171672322e-01
1.50437664986e+00 1.09137573242e+01 7.04814175106e+01 2.79713409424e+02 2.64664766402e+02 3.90291160000e+01 7.76474356651e-01 0.00000000000e+00 2.31356598263e-01
1.59968376160e-01 9.94180297852e+00 8.75602895183e+01 2.86100921631e+02 5.61965909047e+01 3.34921420000e+01 3.64119485021e-02 0.00000000000e+00 4.47377367467e-01
3.25920104980e-01 1.23616943359e+01 8.83745647053e+01 2.94519531250e+02 9.07670689759e+01 3.56248120000e+01 9.94873881340e-01 0.00000000000e+00 8.96875392794e-02
2.33176231384e-01 1.18106994629e+01 8.47292575649e+01 2.94866516113e+02 5.61559096075e+01 5.57584240000e+01 5.33046424389e-01 0.00000000000e+00 2.95400962627e-01
1.66074752808e-01 1.10302734375e+01 1.76225633677e+01 2.85975982666e+02 5.72495065815e+01 7.45584720000e+01 8.69481742382e-01 0.00000000000e+00 2.80034482887e-01
1.35722446442e+00 1.73082580566e+01 6.01976248226e+01 2.82719390869e+02 1.74136062148e+02 3.38593760000e+01 3.64699810743e-01 0.00000000000e+00 3.51159678344e-01
1.25991821289e+00 1.39556579590e+01 4.73258797206e+01 2.86794342041e+02 1.76631356301e+02 3.63931480000e+01 8.06887030602e-01 0.00000000000e+00 1.79148934015e-01
1.44504165649e+00 1.07806091309e+01 1.28182545474e+01 2.96502258301e+02 1.30460925304e+02 5.93901520000e+01 1.72596111894e-01 0.00000000000e+00 2.60415359039e-01
1.28781604767e+00 1.62305908203e+01 2.99574275355e+01 2.92839538574e+02 1.29724575590e+02 5.04362120000e+01 7.94323265553e-01 0.00000000000e+00 2.01659485341e-01
1.07676649094e+00 1.15581359863e+01 9.69421701095e+01 2.75472717285e+02 1.26545783158e+02 2.65919880000e+01 1.43062531948e-01 0.00000000000e+00 5.03233980972e-01
8.30714464188e-01 9.72937011719e+00 1.15821722531e+02 2.73226867676e+02 9.38978102119e+01 3.22606240000e+01 3.25656771660e-01 0.00000000000e+00 4.86410004932e-01
5.79223871231e-01 1.03244323730e+01 2.68603447791e+02 2.69910522461e+02 1.66865640131e+02 5.53287720000e+01 1.11203931272e-01 0.00000000000e+00 4.26677931122e-01
9.06373381615e-01 9.90020751953e+00 1.01050281337e+02 2.68194763184e+02 1.27906041157e+02 4.15413680000e+01 6.85414493084e-01 0.00000000000e+00 2.09094214490e-01
1.38867068291e+00 1.43775024414e+01 2.03261120616e+02 2.74856658936e+02 2.10865340939e+02 2.87350040000e+01 1.10563099384e-01 0.00000000000e+00 4.08386677400e-01
6.10120773315e-01 2.14572753906e+01 1.53936694541e+02 2.76252380371e+02 2.16200266824e+02 3.05790300000e+01 6.00775659084e-01 0.00000000000e+00 1.93968129055e-01
1.66548705101e+00 1.24461669922e+01 1.67916779968e+02 2.78624328613e+02 2.18144667248e+02 3.76798720000e+01 1.40368983150e-01 0.00000000000e+00 4.41818813015e-01
3.37320923805e-01 1.17873840332e+01 1.29528594473e+02 2.66512084961e+02 1.74203641895e+02 1.00785512000e+02 5.50724923611e-01 0.00000000000e+00 2.11634803055e-01
5.36418437958e-01 1.33894042969e+01 1.25586004901e+02 2.82606811523e+02 9.31033030472e+01 3.36732120000e+01 1.50449454784e-01 0.00000000000e+00 4.23283725476e-01
3.56859207153e-01 1.12522888184e+01 9.72817670329e+01 2.87480987549e+02 1.30513790526e+02 3.54035120000e+01 7.54946351051e-01 0.00000000000e+00 1.73066624831e-01
4.49185371399e-01 1.24908447266e+01 1.28521982175e+02 2.90216827393e+02 9.00295105323e+01 1.00352752000e+02 4.61756229401e-01 0.00000000000e+00 2.39090791727e-01
1.71450376511e+00 1.44848937988e+01 1.73431994821e+02 2.81537078857e+02 1.30473853080e+02 6.77499040000e+01 5.86220800877e-01 0.00000000000e+00 2.11863636055e-01
1.26626348495e+00 1.58833312988e+01 2.60814562985e+02 2.80269683838e+02 2.13552091259e+02 3.60316920000e+01 2.44037702680e-01 0.00000000000e+00 2.83250758888e-01
1.30618047714e+00 2.10357666016e+01 2.82730523808e+02 2.83800567627e+02 3.10753754792e+02 3.15551620000e+01 6.02112889290e-01 0.00000000000e+00 1.64218350945e-01
1.17823600769e+00 1.51773376465e+01 5.46865824707e+02 2.85670318604e+02 1.75033852963e+02 2.30866096000e+02 4.56228256226e-01 0.00000000000e+00 1.31015737808e-01
4.38260078430e-01 1.39805603027e+01 1.18953584965e+02 2.86566497803e+02 1.72690112693e+02 1.21510480000e+02 7.49869644642e-01 0.00000000000e+00 1.46718910632e-01
2.50824737549e+00 1.26101989746e+01 2.07070555665e+01 2.87579437256e+02 1.74203972287e+02 3.73696680000e+01 5.03630757332e-01 0.00000000000e+00 3.06290723206e-01
2.60391378403e+00 7.27502441406e+00 4.64292266354e+00 2.89531402588e+02 1.75126738167e+02 3.74984400000e+01 6.48580491543e-01 0.00000000000e+00 4.82186985439e-02
2.81976032257e+00 8.26696777344e+00 3.61457953437e+01 2.94153259277e+02 1.30873470075e+02 7.62078720000e+01 6.16348683834e-01 0.00000000000e+00 2.91017444169e-01
2.94206953049e+00 1.38813171387e+01 1.27228727749e+01 2.94129302979e+02 1.74301225953e+02 9.65646640000e+01 6.71378910542e-01 0.00000000000e+00 2.04900443245e-01
3.01196479797e+00 1.35878601074e+01 1.70422091877e+01 2.90460083008e+02 2.19008024489e+02 3.89661320000e+01 2.65826970339e-01 0.00000000000e+00 3.08366622622e-01
2.10771989822e+00 1.21489257812e+01 2.97283014186e+01 2.84413085938e+02 2.18080498672e+02 3.87161480000e+01 5.58238744736e-01 0.00000000000e+00 3.14482821382e-01
1.59754228592e+00 5.64593505859e+00 3.06457922134e+01 2.81215881348e+02 2.20238856441e+02 8.52806160000e+01 2.92709290981e-01 0.00000000000e+00 4.07206437107e-01
3.39137363434e+00 1.13312377930e+01 3.93141581954e+01 2.92594848633e+02 2.20069887384e+02 4.77486160000e+01 6.99808359146e-01 0.00000000000e+00 2.66312487812e-01
3.32695198059e+00 1.01730651855e+01 2.95991142281e+01 2.98341857910e+02 1.72872992582e+02 3.87457360000e+01 5.70610463619e-01 0.00000000000e+00 2.88251706046e-01
4.08396530151e+00 8.76748657227e+00 1.81350314928e+01 3.00944732666e+02 1.72626048483e+02 3.94098560000e+01 8.81918251514e-01 0.00000000000e+00 2.20020320660e-01
4.85059356689e+00 1.03462219238e+01 2.09254158339e+01 3.02304046631e+02 2.16730922151e+02 4.12577560000e+01 6.00235581398e-01 0.00000000000e+00 2.36411077152e-01
3.59620952606e+00 1.09891052246e+01 3.03731803308e+01 2.99047485352e+02 1.72207274984e+02 1.92342656000e+02 8.05439889431e-01 0.00000000000e+00 2.13223963519e-01
5.44564437866e+00 1.36010437012e+01 2.64994088860e+01 2.97955810547e+02 2.18126193753e+02 4.03585120000e+01 2.05228954554e-01 0.00000000000e+00 3.75425717965e-01
5.51760673523e+00 1.08264465332e+01 2.07959149593e+01 3.00717224121e+02 2.17663250575e+02 4.08626760000e+01 7.07512497902e-01 0.00000000000e+00 2.20685334097e-01
5.77166461945e+00 1.35376586914e+01 1.61622047331e+01 2.97343688965e+02 2.63162909877e+02 4.98205480000e+01 3.36596041918e-01 0.00000000000e+00 3.36218210310e-01
6.84058952332e+00 1.38400573730e+01 2.66275577859e+01 2.99722900391e+02 2.64640290764e+02 4.22932720000e+01 9.00743842125e-01 0.00000000000e+00 2.68258619069e-01
2.50564479828e+00 8.98400878906e+00 1.07066019392e+02 2.80790954590e+02 1.32485452418e+02 3.46973800000e+01 4.16092090309e-02 0.00000000000e+00 5.36884611345e-01
1.86091232300e+00 1.15932006836e+01 7.17424841269e+01 2.81629852295e+02 1.32289307297e+02 3.47163680000e+01 4.41608786583e-01 0.00000000000e+00 3.71830843656e-01
2.14298009872e+00 1.21105346680e+01 1.48731014410e+02 2.89865722656e+02 1.74791961606e+02 3.72719480000e+01 3.01327019930e-01 0.00000000000e+00 3.36629470583e-01
1.91308927536e+00 8.49789428711e+00 1.11650612341e+02 2.80292694092e+02 2.14236256305e+02 3.82027600000e+01 6.53267681599e-01 0.00000000000e+00 2.67266332576e-01
3.80932950974e+00 1.18836364746e+01 2.25401927269e+02 2.86108825684e+02 2.54572711946e+02 3.34371200000e+01 1.88113823533e-01 0.00000000000e+00 4.55294909915e-01
1.85930991173e+00 4.74880981445e+00 1.23383924921e+02 2.81381866455e+02 2.67627845335e+02 2.79513400000e+01 4.45487707853e-01 0.00000000000e+00 3.18550080021e-01
3.31447935104e+00 1.08618774414e+01 8.81444874906e+01 2.89543609619e+02 2.67114469882e+02 4.05260840000e+01 2.98250377178e-01 0.00000000000e+00 4.00254028865e-01
3.08776283264e+00 1.15366821289e+01 5.77958756459e+01 2.86314697266e+02 2.18139965039e+02 3.87124240000e+01 6.26713216305e-01 0.00000000000e+00 3.03535551752e-01
4.65358448029e+00 1.25106506348e+01 6.22791996178e+01 3.02023284912e+02 2.16553716035e+02 4.19011040000e+01 5.91586589813e-01 0.00000000000e+00 2.69804090433e-01
5.65014362335e+00 1.35185852051e+01 5.73700890431e+01 2.94846130371e+02 1.72981200851e+02 3.06794080000e+01 8.46947431564e-01 0.00000000000e+00 2.69672104508e-01
4.04662322998e+00 1.03080444336e+01 3.99134766537e+02 2.92840423584e+02 2.15860363217e+02 1.29192464000e+02 3.42174559832e-01 0.00000000000e+00 2.64001727845e-01
2.86286735535e+00 1.15536499023e+01 1.75926587888e+02 2.95950225830e+02 1.76081038822e+02 8.79767280000e+01 8.62876951694e-01 0.00000000000e+00 9.98468858794e-02
4.17297458649e+00 1.11364440918e+01 1.51014529055e+02 2.91614471436e+02 2.17225791655e+02 3.92841760000e+01 1.33190795779e-01 0.00000000000e+00 4.46478234050e-01
5.24396800995e+00 1.40143432617e+01 1.08488357985e+02 2.96126403809e+02 2.64980378210e+02 3.01351760000e+01 6.42834186554e-01 0.00000000000e+00 2.92649286162e-01
5.77408790588e+00 1.35169067383e+01 5.96728008555e+01 2.99307220459e+02 2.18071289914e+02 5.55808200000e+01 3.30983787775e-01 0.00000000000e+00 3.62109292805e-01
6.68867015839e+00 1.34079895020e+01 1.16830059800e+02 2.99985076904e+02 2.64182116785e+02 1.28717912000e+02 8.58418703079e-01 0.00000000000e+00 2.44256127287e-01
2.79024505615e+00 1.47528686523e+01 4.96471905528e+01 2.89257781982e+02 2.19909886200e+02 3.92691840000e+01 5.71212530136e-01 0.00000000000e+00 2.76151910321e-01
5.69162940979e+00 2.07384643555e+01 4.48520519279e+01 2.96014770508e+02 2.63677924037e+02 2.75335780000e+01 6.07391536236e-01 0.00000000000e+00 3.38073330894e-01
2.65743255615e+00 1.63552246094e+01 3.54537417984e+01 2.95486022949e+02 2.19749405211e+02 4.86404880000e+01 5.21655380726e-01 0.00000000000e+00 2.41005810712e-01
3.39441585541e+00 1.49221496582e+01 2.20364604425e+01 2.91741516113e+02 2.62987693118e+02 7.29335600000e+01 9.13911342621e-01 0.00000000000e+00 2.09555900396e-01
4.81498622894e+00 1.58012695312e+01 1.25734373919e+01 2.95365295410e+02 2.67916583823e+02 4.14788960000e+01 1.72148227692e-01 0.00000000000e+00 3.17387485100e-01
4.01150846481e+00 1.85447998047e+01 2.16963666094e+01 2.96974090576e+02 2.64776256204e+02 4.17208080000e+01 6.09462678432e-01 0.00000000000e+00 2.17397653662e-01
3.61733388901e+00 1.45292968750e+01 3.02718291681e+01 2.98084350586e+02 2.64445405721e+02 4.18882640000e+01 4.90997552872e-01 0.00000000000e+00 2.55290463848e-01
7.43212032318e+00 1.63051147461e+01 6.52938010656e+00 2.97772125244e+02 2.64146676486e+02 4.22953920000e+01 7.52686917782e-01 0.00000000000e+00 1.86703746927e-01
6.37614917755e+00 1.54866943359e+01 5.61166597302e+01 2.99117370605e+02 2.63042062958e+02 3.06218400000e+01 6.83757960796e-01 0.00000000000e+00 2.91672189605e-01
6.14094161987e+00 1.52632141113e+01 5.62450202949e+01 2.99265411377e+02 2.15650920143e+02 4.09808840000e+01 9.15915668011e-01 0.00000000000e+00 2.43748875133e-01
7.17071247101e+00 1.67177429199e+01 3.44982542531e+01 3.02284240723e+02 2.62881956464e+02 4.29805160000e+01 6.42971754074e-01 0.00000000000e+00 2.63748358309e-01
6.07850551605e+00 1.57721557617e+01 4.50767345874e+01 3.01883239746e+02 2.62766397840e+02 4.30462160000e+01 8.67064952850e-01 0.00000000000e+00 2.08885109390e-01
6.10135650635e+00 1.49110412598e+01 4.81448397681e+01 2.99285705566e+02 2.63708899527e+02 3.06033040000e+01 2.45354503393e-01 0.00000000000e+00 4.30798817117e-01
6.00524520874e+00 1.42568664551e+01 4.70308696187e+01 2.99622344971e+02 2.63711044545e+02 4.18462000000e+01 8.58520567417e-01 0.00000000000e+00 2.24023925961e-01
7.23956203461e+00 1.78448791504e+01 5.70165231333e+00 2.99541992188e+02 3.12898528849e+02 4.43181440000e+01 5.12991487980e-01 0.00000000000e+00 1.85737578938e-01
6.37219619751e+00 1.45420227051e+01 1.85762335714e+01 2.99692871094e+02 2.64247572295e+02 4.77414720000e+01 8.94760489464e-01 0.00000000000e+00 2.25561716571e-01
4.45131587982e+00 1.42966613770e+01 1.14352137350e+02 2.85954040527e+02 2.60848257003e+02 3.19124940000e+01 8.35442915559e-02 0.00000000000e+00 5.83133165448e-01
3.14583778381e+00 1.55570983887e+01 7.86460128272e+01 2.90916381836e+02 2.20272244429e+02 3.89031680000e+01 9.36634600163e-01 0.00000000000e+00 1.99935275172e-01
2.28597784042e+00 1.45690002441e+01 1.00606516774e+02 2.91642730713e+02 2.19507329109e+02 3.91569720000e+01 4.23093020916e-01 0.00000000000e+00 2.88801719522e-01
2.99155521393e+00 1.44883422852e+01 8.46789105888e+01 2.95374145508e+02 1.74209349901e+02 4.89806920000e+01 7.05950617790e-01 0.00000000000e+00 2.00490558708e-01
1.94307613373e+00 2.01269836426e+01 3.45294873491e+02 2.82546264648e+02 2.66212527825e+02 3.79492760000e+01 2.90291041136e-01 0.00000000000e+00 2.74961158720e-01
6.58396100998e+00 1.63655090332e+01 9.02517268279e+01 2.95868530273e+02 3.10797606299e+02 3.42850040000e+01 6.91659331322e-01 0.00000000000e+00 3.08134331009e-01
3.07239437103e+00 2.17819824219e+01 1.82805155144e+02 2.86274597168e+02 3.09491449259e+02 4.89963880000e+01 4.50190037489e-01 0.00000000000e+00 3.54423370994e-01
5.07206964493e+00 1.57335205078e+01 1.09950284530e+02 2.94582519531e+02 2.65803721710e+02 5.09794680000e+01 5.48527419567e-01 0.00000000000e+00 3.05268276474e-01
5.87744998932e+00 1.75027465820e+01 1.67933742060e+02 3.00823333740e+02 2.61062217850e+02 3.25487880000e+01 6.12733304501e-01 0.00000000000e+00 2.62411264738e-01
5.86716747284e+00 1.86013793945e+01 2.05257663907e+02 2.97115509033e+02 2.61687075326e+02 3.84295560000e+01 8.25751006603e-01 0.00000000000e+00 2.06410741665e-01
6.99926948547e+00 2.07978515625e+01 1.14832466924e+02 3.03732208252e+02 2.58289946299e+02 5.52825640000e+01 5.32581359148e-02 0.00000000000e+00 3.98929671405e-01
5.96992588043e+00 1.72852172852e+01 2.86575128341e+02 3.01596832275e+02 2.60301698159e+02 5.01681080000e+01 6.80865645409e-01 0.00000000000e+00 1.68134285624e-01
6.96589851379e+00 1.69613037109e+01 9.57471683506e+01 2.99320587158e+02 3.09570761376e+02 2.91399900000e+01 2.02325463295e-01 0.00000000000e+00 4.63372507884e-01
7.56248664856e+00 1.80611267090e+01 9.77356668348e+01 3.00294189453e+02 3.09069404221e+02 3.22686600000e+01 6.24651610851e-01 0.00000000000e+00 3.28635105389e-01
6.62599515915e+00 1.99075012207e+01 1.08435826819e+02 2.96977661133e+02 2.64758061374e+02 4.15900720000e+01 5.34003436565e-01 0.00000000000e+00 3.64692116961e-01
5.89215469360e+00 2.14011535645e+01 1.71836293787e+02 2.98820495605e+02 3.10469897221e+02 4.44587680000e+01 9.10240054131e-01 0.00000000000e+00 2.32630801327e-01
1.21369075775e+00 1.08904724121e+01 1.53462914454e+01 2.95692596436e+02 1.30839761326e+02 8.86812960000e+01 8.09759497643e-01 0.00000000000e+00 2.00710830248e-01
1.38883113861e+00 1.10655517578e+01 2.59291426332e+01 2.88985321045e+02 1.75853763920e+02 4.82535920000e+01 3.23541879654e-01 0.00000000000e+00 3.16708550103e-01
9.38848495483e-01 1.32662963867e+01 1.02007067862e+02 2.93308837891e+02 9.11941893301e+01 3.54566360000e+01 7.63227045536e-01 0.00000000000e+00 1.35995801309e-01
5.54358863831e+00 1.47597961426e+01 3.23739620336e+01 3.02051177979e+02 2.63140217894e+02 4.31776440000e+01 8.27246248722e-01 0.00000000000e+00 1.93256621956e-01
4.82828330994e+00 1.75425109863e+01 2.09394227802e+02 2.98499725342e+02 3.11271837805e+02 4.71756440000e+01 5.92822432518e-01 0.00000000000e+00 2.90607716021e-01
1.18127775192e+00 4.47906494141e+00 4.87333849929e+01 2.83512359619e+02 1.75389052193e+02 2.36913020000e+01 4.05976057053e-01 0.00000000000e+00 3.95240960519e-01
1.90630912781e-01 3.68057250977e+00 5.76131758657e+01 2.95216400146e+02 9.09365888641e+01 3.55923680000e+01 7.34463453293e-01 0.00000000000e+00 2.21185182583e-01
2.85711050034e-01 1.99771118164e+00 1.56872505605e+01 2.77393035889e+02 8.96350982197e+01 3.96474320000e+01 4.53784555197e-01 0.00000000000e+00 2.93628117408e-01
7.82071113586e-01 1.03001098633e+01 6.07410666672e+00 2.91956817627e+02 9.12072678096e+01 3.52321880000e+01 8.77910017967e-01 0.00000000000e+00 1.25014395567e-01
2.86213397980e-01 2.79275512695e+00 1.20512217311e+02 2.80835418701e+02 1.76504521154e+02 3.55616920000e+01 3.75695109367e-01 0.00000000000e+00 7.97014132192e-02
6.84410476685e+00 1.47036132812e+01 2.20599831873e+01 2.99678192139e+02 2.63303845178e+02 4.25371640000e+01 9.41057384014e-01 0.00000000000e+00 2.53967561325e-01
1.01426172256e+00 1.15524902344e+01 3.76657710892e+01 2.83616333008e+02 1.76476042274e+02 3.59526360000e+01 7.32870161533e-01 0.00000000000e+00 2.23437621940e-01
3.09125423431e-01 1.09178466797e+01 4.29507663846e+00 2.77225524902e+02 8.96208972806e+01 3.43058600000e+01 7.03427135944e-01 0.00000000000e+00 1.45112353377e-01
9.69190597534e-02 6.08038330078e+00 1.31608018442e+02 2.99936706543e+02 5.52634073322e+01 1.44447808000e+02 7.46142983437e-01 0.00000000000e+00 1.63400672665e-02
1.72899103165e+00 7.25131225586e+00 8.79460470314e+01 2.82853851318e+02 2.64561128221e+02 3.93189240000e+01 7.24710166454e-01 0.00000000000e+00 2.47111712742e-01
2.76366806030e+00 1.57413940430e+01 2.39088534198e+02 2.85232666016e+02 2.58344182363e+02 5.66106360000e+01 2.93880045414e-01 0.00000000000e+00 3.67437570845e-01
5.05984544754e+00 1.57277221680e+01 1.32738865318e+02 2.89047027588e+02 3.09815552704e+02 3.30350260000e+01 3.37649106979e-01 0.00000000000e+00 3.92804876083e-01
2.20060539246e+00 8.86367797852e+00 3.90190407700e+01 2.92814636230e+02 9.13947396149e+01 2.34333840000e+01 7.89856970310e-01 0.00000000000e+00 2.96131933490e-01
6.46318197250e-01 4.39437866211e+00 2.05346957813e+02 2.78573425293e+02 1.66624107673e+02 4.89736440000e+01 3.81533503532e-01 0.00000000000e+00 1.88813098787e-01
5.08195352554e+00 1.61872253418e+01 7.87382354113e+01 2.94468017578e+02 2.65116523154e+02 4.14986000000e+01 5.21615862846e-01 0.00000000000e+00 3.45765582982e-01
1.40101242065e+00 1.14360656738e+01 1.03249464161e+02 2.93562347412e+02 1.30488339050e+02 2.85936800000e+01 7.97499299049e-01 0.00000000000e+00 1.66303522460e-01
1.06173038483e+00 1.44605407715e+01 7.45623145161e+01 2.85117065430e+02 2.21120080604e+02 3.77016040000e+01 4.45375367999e-02 0.00000000000e+00 3.95251025271e-01
1.10221862793e-01 6.51187133789e+00 5.89398392096e+01 2.81532562256e+02 5.62808327401e+01 3.33499200000e+01 8.01043629646e-01 0.00000000000e+00 2.93172773687e-01
6.26957702637e+00 1.45846557617e+01 1.32769465915e+01 2.99562927246e+02 2.63270591449e+02 3.18022140000e+01 4.66363430023e-01 0.00000000000e+00 2.52814720654e-01
1.59489870071e-01 1.13929748535e+01 9.23449260821e+01 2.72281066895e+02 5.62720211209e+01 3.19020940000e+01 3.04762363434e-01 0.00000000000e+00 3.19846166819e-01
4.96328258514e+00 1.14589233398e+01 9.57390014422e+00 2.99612548828e+02 2.17442379200e+02 4.08488520000e+01 2.99824059010e-01 0.00000000000e+00 1.80373283417e-01
8.16439723969e+00 1.53631896973e+01 4.62904904937e+01 3.02349914551e+02 2.63372824587e+02 4.29223040000e+01 5.65003514290e-01 0.00000000000e+00 3.11199602780e-01
1.71233558655e+00 5.09384155273e+00 2.06080188322e+01 2.88420410156e+02 2.15725938559e+02 2.59110140000e+01 7.06806421280e-01 0.00000000000e+00 2.88344346358e-01
6.11371040344e-01 1.61739501953e+01 3.18268285662e+01 2.80279266357e+02 1.31260402147e+02 3.46462600000e+01 1.92143246531e-02 0.00000000000e+00 3.80227764956e-01
2.16506195068e+00 1.11564331055e+01 1.81089058734e+01 2.96984191895e+02 1.29852761457e+02 3.73107160000e+01 6.94300115108e-01 0.00000000000e+00 2.37440878075e-01
9.21538829803e-01 6.68872070312e+00 8.46195340859e+01 2.81174438477e+02 9.19762309741e+01 6.52787360000e+01 2.02788785100e-01 0.00000000000e+00 4.36836924290e-01
2.07824707031e-02 9.81262207031e+00 4.63586529514e+01 2.76859130859e+02 9.12571814201e+01 4.66487840000e+01 5.58832764626e-01 0.00000000000e+00 3.18933834923e-01
8.81020545959e-01 1.55541687012e+01 2.39153965667e+01 2.91652862549e+02 9.11487063849e+01 3.72603840000e+01 9.69254910946e-01 0.00000000000e+00 2.05071031271e-01
2.16548705101e+00 1.74523315430e+01 1.68314385684e+02 2.81365051270e+02 2.61988630594e+02 3.84242360000e+01 2.15710029006e-01 0.00000000000e+00 4.02368793463e-01
9.85014915466e-01 1.01719055176e+01 9.87854005030e+01 2.79807769775e+02 2.20962262147e+02 4.04503520000e+01 2.53624826670e-01 0.00000000000e+00 3.76833140580e-01
8.26212501526e+00 1.82709045410e+01 1.59858088420e+02 2.98855041504e+02 3.09733708197e+02 3.34913760000e+01 3.83449435234e-01 0.00000000000e+00 4.10077019258e-01
1.40092515945e+00 1.53789672852e+01 4.46169495983e+01 2.82784820557e+02 1.72027811437e+02 4.26027680000e+01 7.01531469822e-01 0.00000000000e+00 2.17071897215e-01
1.45837116241e+00 6.66372680664e+00 5.91630714723e+01 2.78985504150e+02 1.68036217480e+02 3.11759620000e+01 5.08182287216e-01 0.00000000000e+00 3.64872442617e-01
4.93379592896e+00 1.70823059082e+01 3.13951295442e+01 2.97791229248e+02 2.17838653192e+02 4.02004600000e+01 5.96588551998e-01 0.00000000000e+00 2.71303526739e-01
8.82327556610e-01 9.91439819336e+00 7.04642251838e+01 2.81876861572e+02 1.32558828810e+02 3.46826320000e+01 8.81462991238e-01 0.00000000000e+00 1.75051315041e-01
4.83584403992e-01 1.21847534180e+01 2.64358871314e+01 2.78518371582e+02 9.14341070500e+01 3.34957080000e+01 2.82769352198e-01 0.00000000000e+00 3.88495598392e-01
4.55543041229e-01 1.00651245117e+01 4.74806380785e+01 2.71724884033e+02 2.16232022883e+02 6.14219880000e+01 3.13228517771e-01 0.00000000000e+00 3.39684519989e-01
8.16162347794e-01 8.23767089844e+00 1.09720045935e+02 2.74787414551e+02 1.29581017886e+02 3.47657920000e+01 4.60352540016e-01 0.00000000000e+00 3.28705280067e-01
2.35298299789e+00 1.63685302734e+01 1.81709436882e+02 2.88595520020e+02 2.64202251693e+02 3.57310560000e+01 9.15960729122e-01 0.00000000000e+00 1.39604493907e-01
1.40027546883e+00 7.32287597656e+00 1.03878893947e+02 2.77433044434e+02 1.66256675422e+02 2.41745280000e+01 2.26537644863e-01 0.00000000000e+00 4.99848931145e-01
1.34072244167e+00 1.10548706055e+01 1.43159848170e+02 2.72489776611e+02 3.12090562987e+02 2.58464320000e+01 2.67058581114e-01 0.00000000000e+00 4.61328644982e-01
5.87515068054e+00 1.75451965332e+01 1.10016861244e+02 2.99653442383e+02 2.62459385375e+02 7.78567600000e+01 7.17259585857e-01 0.00000000000e+00 2.33154845036e-01
1.18376255035e+00 1.08063354492e+01 6.23913198649e+01 2.86221740723e+02 5.64857841704e+01 6.69452200000e+01 9.56319093704e-01 0.00000000000e+00 1.36556112866e-01
7.52024364471e+00 2.27361755371e+01 4.56054550217e+01 2.97121765137e+02 3.11737039319e+02 4.45007320000e+01 2.80892819166e-01 0.00000000000e+00 4.44005905803e-01
1.84613227844e+00 1.11757812500e+01 3.41612058302e+01 2.96943572998e+02 1.30682238706e+02 1.35389264000e+02 3.19511175156e-01 0.00000000000e+00 2.93873314742e-01
3.01039505005e+00 1.06450805664e+01 4.73238813689e+01 2.91638702393e+02 1.74383744700e+02 3.76857360000e+01 4.05706584454e-01 0.00000000000e+00 3.60310131733e-01
8.05443763733e-01 1.44430236816e+01 1.10900548419e+02 2.88050140381e+02 1.71713753727e+02 1.56997664000e+02 1.91055968404e-01 0.00000000000e+00 2.75185850129e-01
4.67907333374e+00 1.37288818359e+01 1.84647720257e+02 2.98226043701e+02 2.21266765491e+02 1.70629680000e+02 2.95129030943e-01 0.00000000000e+00 2.87966706054e-01
7.02530670166e+00 1.70338439941e+01 1.36638993433e+01 3.01579223633e+02 2.62299435514e+02 4.30807640000e+01 8.71966660023e-01 0.00000000000e+00 1.63731247925e-01
8.13478946686e-01 1.15657653809e+01 7.59816701716e+01 2.80703247070e+02 1.32023444231e+02 3.47089800000e+01 1.20915628970e-01 0.00000000000e+00 4.58342256348e-01
4.42837715149e-01 1.50733337402e+01 2.46599559258e+02 2.86351287842e+02 1.30095550420e+02 1.04646672000e+02 2.01754067093e-02 0.00000000000e+00 3.79856551580e-01
6.17279815674e+00 1.41368713379e+01 6.91883364654e+01 3.02081512451e+02 2.61951634163e+02 4.30767520000e+01 5.38706243038e-01 0.00000000000e+00 2.95540995163e-01
1.31566047668e-01 8.12084960938e+00 8.44613710548e+01 2.77178985596e+02 5.61143851821e+01 3.24870140000e+01 1.71659979969e-02 0.00000000000e+00 4.02747619604e-01
3.99734020233e-01 3.66207885742e+00 4.90750262076e+01 2.73521606445e+02 8.84028833454e+01 3.35761920000e+01 4.38545912504e-01 0.00000000000e+00 4.33638803101e-01
1.71092796326e+00 4.52975463867e+00 3.09635209020e+01 3.00089416504e+02 1.30590438870e+02 3.74164720000e+01 2.55834460258e-01 0.00000000000e+00 3.36807982902e-01
3.81618213654e+00 2.29587402344e+01 3.13091453060e+02 2.87500000000e+02 3.10686335432e+02 3.43257280000e+01 5.44545829296e-01 0.00000000000e+00 2.56055210899e-01
1.72591495514e+00 1.18224182129e+01 1.10220022649e+01 2.93758850098e+02 1.30841017573e+02 7.03480720000e+01 7.94490814209e-01 0.00000000000e+00 1.90415759053e-01
5.41410064697e+00 1.05454101562e+01 3.40631194045e+02 2.91962463379e+02 2.59982055821e+02 1.00632120000e+02 3.15481930971e-01 0.00000000000e+00 3.56574332057e-01
8.61426353455e-01 1.71878051758e+01 2.47937289849e+02 2.74821716309e+02 1.71061198515e+02 5.59709560000e+01 7.03459441662e-01 0.00000000000e+00 6.98327557917e-02
5.56695365906e+00 1.47802734375e+01 8.05817604845e+01 3.00039215088e+02 2.64043114471e+02 3.07006380000e+01 5.02420902252e-01 0.00000000000e+00 2.95985487031e-01
1.25730800629e+00 1.00471801758e+01 1.44882087139e+02 2.73426818848e+02 2.60460314617e+02 5.15569880000e+01 1.44447326660e-01 0.00000000000e+00 4.89755925290e-01
1.57434558868e+00 1.16775512695e+01 3.37677583880e+01 2.94584289551e+02 1.30015879815e+02 8.06486400000e+01 9.42042589188e-01 0.00000000000e+00 1.75329894705e-01
3.99865341187e+00 1.52404174805e+01 8.01475056573e+01 2.95395477295e+02 2.19742135877e+02 4.27331920000e+01 7.26915419102e-01 0.00000000000e+00 2.23418176058e-01
3.57465553284e+00 1.23005371094e+01 2.82288599696e+01 2.89914276123e+02 2.64577150868e+02 2.67096140000e+01 7.44953215122e-01 0.00000000000e+00 3.16523004112e-01
1.97072982788e+00 2.04281921387e+01 1.42871254421e+01 2.79491943359e+02 2.64324205632e+02 4.08507000000e+01 4.91870164871e-01 0.00000000000e+00 3.71187521711e-01
1.99446201324e+00 1.18737792969e+01 1.05151733266e+02 2.95316741943e+02 1.31044843165e+02 3.67261720000e+01 5.58683395386e-01 0.00000000000e+00 2.59061212815e-01
6.47451019287e+00 2.26184997559e+01 1.83523176968e+02 2.96864654541e+02 3.10421453394e+02 1.18100312000e+02 8.19422006607e-01 0.00000000000e+00 2.52239268958e-01
9.29203987122e-01 1.34211120605e+01 6.72685089216e+01 2.87374328613e+02 5.67740853717e+01 7.39371520000e+01 2.94584542513e-01 0.00000000000e+00 4.02632982416e-01
7.65421342850e+00 1.82577209473e+01 1.39726526596e+01 2.92037536621e+02 2.65707383786e+02 4.15754240000e+01 1.08788885176e-01 0.00000000000e+00 3.89755601817e-01
2.62601089478e+00 8.85833740234e+00 7.87455859260e+01 2.88600494385e+02 1.30975918712e+02 3.61166000000e+01 7.41307258606e-01 0.00000000000e+00 2.37083473462e-01
2.80416393280e+00 1.40531005859e+01 3.50821934269e+01 2.97299011230e+02 1.73741442153e+02 3.85189080000e+01 8.19321930408e-01 0.00000000000e+00 2.14934116767e-01
9.33177471161e-01 1.36575927734e+01 1.38911876525e+02 2.75589538574e+02 2.15497067666e+02 2.63293280000e+01 7.65590310097e-01 0.00000000000e+00 1.91615348208e-01
7.20624351501e+00 1.50179443359e+01 8.05120118022e+00 3.01396545410e+02 2.62549175802e+02 5.16948560000e+01 6.79826617241e-01 0.00000000000e+00 1.65455982435e-01
2.95392847061e+00 1.29262390137e+01 7.20159324874e+00 2.89552856445e+02 2.20256105168e+02 3.85876400000e+01 2.26910069585e-01 0.00000000000e+00 1.75477350937e-01
2.79729270935e+00 6.86309814453e+00 3.88632573761e+01 2.82490203857e+02 1.72532263603e+02 4.26621400000e+01 1.61804720759e-01 0.00000000000e+00 4.71109176577e-01
8.94052505493e-01 5.26339721680e+00 8.09876194569e+01 2.76798431396e+02 1.27090570401e+02 7.17194480000e+01 6.30599677563e-01 0.00000000000e+00 2.11526036567e-01
8.76989364624e-02 6.08557128906e+00 5.03642129944e+01 2.88650512695e+02 5.61686819895e+01 3.39018280000e+01 3.90999555588e-01 0.00000000000e+00 4.65957140315e-01
4.11362648010e-01 1.65902709961e+00 1.27370497132e+01 2.73921569824e+02 5.37644928659e+01 3.30698500000e+01 1.03127159178e-01 0.00000000000e+00 3.67525760860e-01
6.56309127808e-02 5.80032348633e+00 7.35073354684e+01 2.78392547607e+02 5.59858669565e+01 2.18037860000e+01 8.96862074733e-02 0.00000000000e+00 4.59358425926e-01
8.76153945923e-01 3.29867553711e+00 6.70574058170e+00 2.91225738525e+02 1.72687578745e+02 3.74272840000e+01 7.76769816875e-01 0.00000000000e+00 1.86886459738e-01
9.95346546173e-01 2.25861206055e+01 2.20222333094e+02 2.77389312744e+02 2.58787985215e+02 3.12626940000e+01 5.46757519245e-01 0.00000000000e+00 1.95364526803e-01
1.10569000244e-01 1.07315673828e+01 1.62606518324e+02 2.73496856689e+02 8.89252337420e+01 7.27251760000e+01 3.60686957836e-01 0.00000000000e+00 3.69758540667e-01
6.18026638031e+00 1.57304992676e+01 1.82731499150e+01 2.98943725586e+02 3.12269773994e+02 4.47877680000e+01 8.56227576733e-01 0.00000000000e+00 2.61885719810e-01
7.45003938675e-01 7.38006591797e+00 8.04468562044e+01 2.75841491699e+02 8.98763205879e+01 3.34735260000e+01 1.06514838990e-03 0.00000000000e+00 5.71189989230e-01
3.73630523682e-01 3.14263916016e+00 2.74506297725e+01 2.99256500244e+02 9.08109575771e+01 3.63187280000e+01 5.96920065582e-02 0.00000000000e+00 3.46107719742e-01
4.99282455444e+00 1.83950500488e+01 1.63106239990e+02 2.97228698730e+02 3.10238045282e+02 4.41960760000e+01 6.34893834591e-01 0.00000000000e+00 2.69095371148e-01
9.71712350845e-01 6.10800170898e+00 7.44810092528e+01 2.77381439209e+02 1.74355857321e+02 5.02717520000e+01 4.31212130934e-03 0.00000000000e+00 4.72448661979e-01
2.54240894318e+00 1.49694213867e+01 3.70709450771e+01 2.95056243896e+02 2.18605889386e+02 2.59443500000e+01 7.84964144230e-01 0.00000000000e+00 2.17809682944e-01
9.04793024063e-01 7.18853759766e+00 1.00407509967e+02 2.74606231689e+02 1.68788212729e+02 2.07343808000e+02 4.62930023670e-01 0.00000000000e+00 2.51180815619e-01
7.90786981583e-01 6.20986938477e+00 8.73801578284e+01 2.76764343262e+02 1.28510209892e+02 2.30114700000e+01 1.53859376907e-01 0.00000000000e+00 5.22950008479e-01
3.54691982269e+00 8.79244995117e+00 8.89327915930e+00 2.93254821777e+02 1.74727323500e+02 3.80457880000e+01 6.25209212303e-01 0.00000000000e+00 1.68642257134e-01
3.30243587494e+00 6.37557983398e+00 6.24165958288e+01 2.97328308105e+02 5.56282622022e+01 2.28407888000e+02 5.45434594154e-01 0.00000000000e+00 2.80652539040e-01
5.67674827576e+00 1.42752380371e+01 7.44638403971e+01 3.00317443848e+02 2.63629323036e+02 4.20635680000e+01 7.71937847137e-01 0.00000000000e+00 2.59664692551e-01
8.42314720154e-01 8.68972778320e+00 3.42057884680e+01 2.81013031006e+02 5.63650196823e+01 7.57614800000e+01 6.16127908230e-01 0.00000000000e+00 3.96921850044e-01
1.62131106853e+00 1.05001220703e+01 8.05132997914e+01 2.72295227051e+02 2.16578786571e+02 2.39550460000e+01 7.74089813232e-01 0.00000000000e+00 2.89739055642e-01
3.76104593277e-01 6.50250244141e+00 1.15900031484e+02 2.66302673340e+02 1.71741041204e+02 3.43704320000e+01 3.50986644626e-02 0.00000000000e+00 5.01518198862e-01
4.24119043350e+00 1.66416320801e+01 8.74161228346e+01 2.93650177002e+02 2.66500691542e+02 4.11920320000e+01 4.67354476452e-01 0.00000000000e+00 3.03489302044e-01
1.37718200684e-01 7.92959594727e+00 6.01051848194e+01 2.80804718018e+02 5.57388144170e+01 3.30649820000e+01 7.99543201923e-01 0.00000000000e+00 3.09798073658e-01
5.95557689667e+00 1.61319580078e+01 1.02314850094e+02 2.94108215332e+02 2.20389103091e+02 4.00888120000e+01 4.99823153019e-01 0.00000000000e+00 3.48273209790e-01
6.26810169220e+00 1.40107116699e+01 2.95959907496e+01 3.00129455566e+02 2.64190883385e+02 4.26331360000e+01 4.21459861100e-02 0.00000000000e+00 4.22533399026e-01
3.15526199341e+00 1.33916931152e+01 1.10900352676e+02 2.97859619141e+02 2.19080055771e+02 3.99660400000e+01 4.39514040947e-01 0.00000000000e+00 2.83712559208e-01
3.72416734695e+00 1.02325744629e+01 1.00642327842e+02 2.83638427734e+02 2.56819648953e+02 3.05880420000e+01 2.39537507296e-01 0.00000000000e+00 4.99390598264e-01
4.54179525375e-01 1.53762817383e+00 1.45838309463e+01 2.75750976562e+02 8.90511967239e+01 3.36248360000e+01 7.21445441246e-01 0.00000000000e+00 2.02107513601e-01
2.91597843170e+00 1.00075073242e+01 2.49047083355e+02 2.95889007568e+02 2.19723935730e+02 1.15689144000e+02 7.53441601992e-02 0.00000000000e+00 3.54494601279e-01
1.38311624527e+00 1.32700805664e+01 1.98036177605e+01 2.85059112549e+02 1.76061003680e+02 3.61820080000e+01 7.19625294209e-01 0.00000000000e+00 2.48932878348e-01
4.83740806580e+00 1.13739013672e+01 7.94672132269e+00 2.99419158936e+02 2.17571849004e+02 4.07366520000e+01 4.42788630724e-01 0.00000000000e+00 1.16288780111e-01
1.49807786942e+00 1.53363037109e+01 6.50629396502e+01 2.88918945312e+02 2.20618179865e+02 3.84787560000e+01 4.94165748358e-01 0.00000000000e+00 2.49888413688e-01
4.65312480927e-01 8.80856323242e+00 9.50359167950e+01 2.77700622559e+02 8.99483660977e+01 5.56105200000e+01 8.45711886883e-01 0.00000000000e+00 1.28747121312e-01
2.46557426453e+00 1.13294067383e+01 1.40026888792e+02 2.80114013672e+02 2.61073205764e+02 2.86114960000e+01 6.58912897110e-01 0.00000000000e+00 2.93789690233e-01
4.54965114594e-01 1.14321289062e+01 1.76278788544e+02 2.78515441895e+02 1.72569640899e+02 1.16616568000e+02 8.97499501705e-01 0.00000000000e+00 3.44944378279e-02
8.53500366211e-02 1.32552490234e+01 6.00181335000e+01 2.92426269531e+02 9.06926032369e+01 5.01140520000e+01 5.67034900188e-01 0.00000000000e+00 2.56993717493e-01
2.24107456207e+00 7.49755859375e+00 5.31207392262e+01 2.89892883301e+02 1.76835736723e+02 3.71719920000e+01 1.55649691820e-01 0.00000000000e+00 4.29086037597e-01
1.10913419724e+00 1.06584472656e+01 5.76193835707e+01 2.81613525391e+02 1.72190031547e+02 3.63989200000e+01 6.01670563221e-01 0.00000000000e+00 2.55517326607e-01
1.44925785065e+00 1.02300720215e+01 1.62212359250e+02 2.75479187012e+02 1.74676345152e+02 4.42532840000e+01 9.69559513032e-03 0.00000000000e+00 5.18204662382e-01
5.75914287567e+00 2.07591552734e+01 1.92555323608e+02 2.99850402832e+02 2.62884037554e+02 7.40250240000e+01 6.99353635311e-01 0.00000000000e+00 2.29504825263e-01
4.28523826599e+00 1.67061462402e+01 7.21036268354e+02 2.87303985596e+02 3.11476488483e+02 1.28637520000e+02 2.88553893566e-01 0.00000000000e+00 3.68959471626e-01
1.78499317169e+00 1.46060485840e+01 8.45680876564e+01 2.96324829102e+02 2.62413543928e+02 2.76554640000e+01 7.79934585094e-01 0.00000000000e+00 1.87033481803e-01
3.94601821899e-01 1.65329284668e+01 2.23281891293e+02 2.79970794678e+02 1.62606590637e+02 3.67756040000e+01 1.81569054723e-01 0.00000000000e+00 2.78945906009e-01
7.90332794189e+00 1.77369079590e+01 2.49579594837e+01 3.02702514648e+02 2.59043070985e+02 4.37133360000e+01 9.90427806973e-02 0.00000000000e+00 4.01362757565e-01
1.29701614380e-01 7.62854003906e+00 8.27315269835e+01 2.78462860107e+02 8.80050340707e+01 1.12727930000e+01 2.35974967480e-01 0.00000000000e+00 3.22479123720e-01
7.77473831177e+00 1.73485717773e+01 3.22465720367e+02 2.99072052002e+02 3.10144341772e+02 8.06808160000e+01 9.49505448341e-01 0.00000000000e+00 1.65019768663e-01
4.21324920654e+00 1.14866333008e+01 4.56462410288e+01 2.99260498047e+02 2.18890348561e+02 4.04899840000e+01 4.40333336592e-01 0.00000000000e+00 3.20661913117e-01
4.77291202545e+00 1.22967529297e+01 4.68667258883e+01 2.99633209229e+02 2.18665857446e+02 4.04466240000e+01 3.82786989212e-01 0.00000000000e+00 3.34574525244e-01
7.08603286743e+00 1.56217956543e+01 3.02328082447e+01 2.98976776123e+02 2.65255236672e+02 4.24204400000e+01 3.51505607367e-01 0.00000000000e+00 4.47751986489e-01
3.02278423309e+00 1.61093139648e+01 1.74318623739e+01 2.96392364502e+02 2.19674117730e+02 3.63416800000e+01 4.22193855047e-01 0.00000000000e+00 2.33802189949e-01
3.36747169495e-01 8.69641113281e+00 1.91992452219e+01 2.83606018066e+02 5.73453762966e+01 2.16606180000e+01 8.65073442459e-01 0.00000000000e+00 3.48812889613e-01
6.93266296387e+00 2.19159240723e+01 5.18227932975e+01 2.98212310791e+02 3.11119451950e+02 5.65885800000e+01 4.78746175766e-01 0.00000000000e+00 3.49873084986e-01
2.12051463127e+00 1.10580444336e+01 1.08387594673e+02 2.79930999756e+02 2.19842585236e+02 3.93938000000e+01 2.16245695949e-01 0.00000000000e+00 4.55307112291e-01
9.00020599365e-02 1.37390136719e+01 6.48764756072e+01 2.91194671631e+02 9.10389384522e+01 1.41344976000e+02 5.29790401459e-01 0.00000000000e+00 1.73489716770e-01
7.77160930634e+00 1.85572814941e+01 3.00737908746e+02 3.00951568604e+02 3.08875353848e+02 6.41534520000e+01 7.01251447201e-01 0.00000000000e+00 2.74258337818e-01
1.51390886307e+00 1.92289733887e+01 2.54332548789e+02 2.79842987061e+02 2.68300296483e+02 3.11173080000e+01 2.40167424083e-01 0.00000000000e+00 3.21482607489e-01
4.28609371185e-01 8.08416748047e+00 5.10917546299e+01 2.86962127686e+02 1.75711222026e+02 9.73367600000e+01 6.57602399588e-02 0.00000000000e+00 3.67009228962e-01
8.30153274536e+00 1.71090393066e+01 5.03008958872e+00 2.99320556641e+02 3.12305435940e+02 9.16474320000e+01 2.22397178411e-01 0.00000000000e+00 2.33412888690e-01
3.24663162231e-01 7.10888671875e+00 6.46858243733e+00 2.92745758057e+02 5.60379734613e+01 3.83360680000e+01 6.38400137424e-01 0.00000000000e+00 1.80356947002e-01
4.65626120567e-01 9.75299072266e+00 7.99905026340e+01 2.69944519043e+02 1.29680396318e+02 3.20507740000e+01 4.34604287148e-01 0.00000000000e+00 3.62833163818e-01
4.53360843658e+00 1.32738342285e+01 5.30093852330e+01 2.98255126953e+02 2.18513280293e+02 2.80463180000e+01 6.82135641575e-01 0.00000000000e+00 2.60842441666e-01
3.64353656769e-01 3.27984619141e+00 8.73498710488e+01 2.84713500977e+02 1.32823394376e+02 3.49663920000e+01 7.25764155388e-01 0.00000000000e+00 1.51747212725e-01
4.22311592102e+00 1.18209228516e+01 2.88363911188e+02 2.93013153076e+02 1.74763337178e+02 1.31282184000e+02 1.51697292924e-01 0.00000000000e+00 3.82146789501e-01
7.11970424652e+00 1.56138610840e+01 2.57214076172e+01 2.99096893311e+02 2.68102170165e+02 4.19392520000e+01 3.72142016888e-01 0.00000000000e+00 4.33816783267e-01
1.74856448174e+00 1.69577636719e+01 1.16351108615e+02 2.78431274414e+02 2.61377296842e+02 3.14478680000e+01 2.13631540537e-01 0.00000000000e+00 4.18073615558e-01
4.80770063400e+00 2.21161193848e+01 2.90013496165e+01 2.93910491943e+02 2.66238484686e+02 4.67765280000e+01 5.60300350189e-01 0.00000000000e+00 3.62178910260e-01
2.08199214935e+00 1.15263977051e+01 2.20139989154e+02 2.84975280762e+02 2.16566373126e+02 4.26206560000e+01 4.44058507681e-01 0.00000000000e+00 2.77561829632e-01
2.56024932861e+00 1.52739868164e+01 2.62304947429e+02 2.82202697754e+02 2.57419608686e+02 3.80123520000e+01 6.67051017284e-01 0.00000000000e+00 2.22240835487e-01
1.48679065704e+00 1.29624023438e+01 1.29828248190e+02 2.92363647461e+02 9.09540223129e+01 3.85412640000e+01 5.08332252502e-01 0.00000000000e+00 2.31062929821e-01
3.99583721161e+00 1.05382385254e+01 4.15842323566e+01 2.97203704834e+02 2.20033960259e+02 3.99812840000e+01 3.20684909821e-01 0.00000000000e+00 3.69232281918e-01
4.41134834290e+00 9.86016845703e+00 1.06356736018e+01 2.99925689697e+02 1.71340484646e+02 3.93853440000e+01 5.08725345135e-01 0.00000000000e+00 1.97844654934e-01
4.11520957947e+00 1.04945983887e+01 2.14482674378e+01 2.84633514404e+02 2.62937182798e+02 4.03426760000e+01 2.13529273868e-01 0.00000000000e+00 4.73591812175e-01
5.55829334259e+00 1.99915161133e+01 9.33228309323e+01 2.84447814941e+02 1.30910573737e+02 2.66865280000e+01 7.33964562416e-01 0.00000000000e+00 2.79861858962e-01
3.72861862183e+00 1.12394104004e+01 1.40178224803e+02 2.99137542725e+02 2.17282177473e+02 2.37817296000e+02 8.21515560150e-01 0.00000000000e+00 1.61928450288e-01
1.47608041763e+00 4.79690551758e+00 6.18718910787e+00 2.73984710693e+02 1.69646369098e+02 3.57182880000e+01 3.00386369228e-01 0.00000000000e+00 2.43010239707e-01
4.58819103241e+00 2.23175659180e+01 3.01914198828e+02 2.89428161621e+02 3.12194855610e+02 3.38302280000e+01 5.67277371883e-01 0.00000000000e+00 2.63843968012e-01
3.76747846603e-01 5.76593017578e+00 9.64520202197e+01 2.74889587402e+02 8.85962508688e+01 7.93722000000e+01 5.77905774117e-01 0.00000000000e+00 2.08478027084e-01
3.05845022202e-01 4.60375976562e+00 5.67197215091e+01 2.71425079346e+02 5.47369402881e+01 2.13670820000e+01 4.35130476952e-01 0.00000000000e+00 4.49851876430e-01
5.23110198975e+00 1.25733032227e+01 8.33083168283e+00 2.99979827881e+02 2.16803596143e+02 1.97084624000e+02 4.41664278507e-01 0.00000000000e+00 1.21299884906e-01
6.10200119019e+00 1.45330810547e+01 6.61487949474e+01 3.00114013672e+02 2.63248431216e+02 4.25380920000e+01 8.59080016613e-01 0.00000000000e+00 2.45075167328e-01
7.14341354370e+00 1.58967590332e+01 2.16754043298e+01 3.00751525879e+02 2.62906089788e+02 4.29465880000e+01 8.95370125771e-01 0.00000000000e+00 2.40869866359e-01
6.88162326813e-01 7.98464965820e+00 4.22011796423e+01 2.75819305420e+02 1.27247758944e+02 3.47713960000e+01 3.63122671843e-01 0.00000000000e+00 3.99467971984e-01
2.73266315460e-01 7.34854125977e+00 1.03996214676e+02 2.76637420654e+02 1.75275750091e+02 3.52126560000e+01 1.49748265743e-01 0.00000000000e+00 4.45583734867e-01
4.66054725647e+00 1.71104125977e+01 1.59959500840e+02 2.98583709717e+02 3.10770243089e+02 4.41773120000e+01 9.25486266613e-01 0.00000000000e+00 1.96348827343e-01
6.41878032684e+00 1.87230224609e+01 1.52323982679e+02 2.99557586670e+02 2.60979920549e+02 1.46278016000e+02 8.51793766022e-01 0.00000000000e+00 2.03787238866e-01
4.01835775375e+00 1.59970703125e+01 2.87563319802e+02 2.92840209961e+02 3.11330082626e+02 3.36928560000e+01 5.54694712162e-01 0.00000000000e+00 2.66375603141e-01
7.38054275513e-01 1.59100646973e+01 8.08059492868e+01 2.90318542480e+02 9.09324474939e+01 3.50712120000e+01 4.40663248301e-01 0.00000000000e+00 3.55199638012e-01
4.51492118835e+00 7.27529907227e+00 5.05346689547e+01 3.00040069580e+02 1.70458474284e+02 2.57805300000e+01 8.48072469234e-01 0.00000000000e+00 2.50471408439e-01
1.84782028198e+00 9.18490600586e+00 7.41174510282e+01 2.90519470215e+02 1.33361944795e+02 3.56937160000e+01 9.06616628170e-01 0.00000000000e+00 1.84795131666e-01
8.57826948166e-01 9.92547607422e+00 1.00624623815e+02 2.73414916992e+02 1.31187603464e+02 2.23069660000e+01 5.45360267162e-01 0.00000000000e+00 2.96097553601e-01
3.13101768494e-01 1.32639770508e+01 1.58442277233e+02 2.83734710693e+02 8.81781651162e+01 6.04320760000e+01 6.68838143349e-01 0.00000000000e+00 1.02205477700e-01
1.93421840668e-01 1.16481018066e+01 1.38541875258e+02 2.77521575928e+02 1.31862215253e+02 2.24748820000e+01 6.24874174595e-01 0.00000000000e+00 2.03719705785e-01
9.40393924713e-01 7.99990844727e+00 4.78527902584e+01 2.74385833740e+02 1.26028987143e+02 2.82251480000e+01 6.17791414261e-01 0.00000000000e+00 3.33193010961e-01
1.16968870163e-01 1.06793823242e+01 1.31706307794e+02 2.73089111328e+02 9.05585909988e+01 5.99993760000e+01 1.65963366628e-01 0.00000000000e+00 4.96626244260e-01
4.12371492386e+00 1.71015625000e+01 9.93457091370e+01 2.91853515625e+02 2.66279926244e+02 4.10486320000e+01 4.18972969055e-01 0.00000000000e+00 3.31172169281e-01
9.28234100342e-01 1.39855041504e+01 2.15589655521e+02 2.84792938232e+02 2.19593750854e+02 3.86988680000e+01 9.20609176159e-01 0.00000000000e+00 5.45738152526e-02
4.15080785751e-01 1.28168640137e+01 1.88229370294e+02 2.74544769287e+02 1.72554358408e+02 2.57527820000e+01 9.99405756593e-02 0.00000000000e+00 3.50926642087e-01
3.06698703766e+00 4.18063354492e+00 8.86376167431e+00 3.00494812012e+02 1.30404887432e+02 3.76689840000e+01 7.18263328075e-01 0.00000000000e+00 1.83390398770e-01
6.33898639679e+00 1.64486389160e+01 1.00726254870e+02 3.00438842773e+02 2.63845616930e+02 7.38436560000e+01 9.77050364017e-01 0.00000000000e+00 2.28714047248e-01
2.27506637573e-01 8.02783203125e+00 7.59771432942e+01 2.88169738770e+02 5.59538399831e+01 3.60270040000e+01 3.75994741917e-01 0.00000000000e+00 4.41241937786e-01
1.17790222168e-01 5.05334472656e+00 1.35595440051e+01 2.84669372559e+02 5.56283477772e+01 3.37415760000e+01 4.13821011782e-01 0.00000000000e+00 3.80657118938e-01
1.63819313049e-01 4.77304077148e+00 7.64222728456e+01 2.98687377930e+02 5.58717963987e+01 5.03480720000e+01 5.26848495007e-01 0.00000000000e+00 3.40622027078e-01
2.09521293640e-01 9.60617065430e+00 7.92618949331e+01 2.91549499512e+02 9.15855939941e+01 3.77801400000e+01 1.83216080070e-01 0.00000000000e+00 4.53543065843e-01
3.06398105621e+00 1.08886718750e+01 5.22199815074e+00 2.97073852539e+02 1.73205405663e+02 2.19227552000e+02 3.75616669655e-01 0.00000000000e+00 7.37749111964e-02
1.63597869873e+00 1.33341979980e+01 4.18491237514e+01 2.87174316406e+02 5.68655282167e+01 3.41845600000e+01 7.43315279484e-01 0.00000000000e+00 3.65547900562e-01
2.65547275543e-01 2.88165283203e+00 8.78593693500e+01 2.82234039307e+02 1.29429450255e+02 3.51721280000e+01 3.44494253397e-01 0.00000000000e+00 1.25593364432e-01
2.26947450638e+00 1.02388916016e+01 6.05190369323e+01 2.85931701660e+02 2.20629276641e+02 3.79409160000e+01 1.73911213875e-01 0.00000000000e+00 4.41437985529e-01
9.43075180054e-01 3.39953613281e+00 2.71637008672e+01 3.01607849121e+02 1.30077878426e+02 5.83404440000e+01 4.17762339115e-01 0.00000000000e+00 2.79428783329e-01
6.95953369141e-01 1.03291625977e+01 1.77052617621e+02 2.83754516602e+02 1.31961529508e+02 3.46954960000e+01 2.08138898015e-01 0.00000000000e+00 2.94103022026e-01
2.07761287689e-01 4.94735717773e+00 1.62156892208e+02 2.72890045166e+02 1.27780875345e+02 5.73373280000e+01 2.59707383811e-02 0.00000000000e+00 3.32288534049e-01
3.13893222809e+00 1.14039611816e+01 3.32650120479e+01 2.90014129639e+02 2.54082098077e+02 2.74029660000e+01 5.84076464176e-01 0.00000000000e+00 3.06888827612e-01
4.30703830719e+00 1.65904235840e+01 1.00118276553e+02 2.94426208496e+02 3.13015408961e+02 2.82136000000e+01 4.25743460655e-01 0.00000000000e+00 3.99655609884e-01
2.83977746964e-01 8.63641357422e+00 1.04049619295e+02 2.73708068848e+02 9.03413298449e+01 3.38812640000e+01 3.13003271818e-01 0.00000000000e+00 4.95653895217e-01
7.02015209198e+00 1.37874755859e+01 1.24658175578e+01 2.99740692139e+02 2.64560167176e+02 2.77157120000e+01 2.45078474283e-01 0.00000000000e+00 3.44436996717e-01
1.41616821289e+00 1.22969055176e+01 5.03752586627e+01 3.00608245850e+02 1.72053263857e+02 1.71427232000e+02 5.98390460014e-01 0.00000000000e+00 1.63620682170e-01
5.18993377686e-01 1.24356689453e+01 1.06808328911e+02 2.95925781250e+02 5.56045428357e+01 4.04732760000e+01 8.49918127060e-01 0.00000000000e+00 3.80809082079e-02
1.05310535431e+00 1.16624145508e+01 1.39562759587e+01 2.90195007324e+02 1.32264066406e+02 5.69462280000e+01 9.16352331638e-01 0.00000000000e+00 2.06240140033e-01
6.39316558838e-01 1.09888916016e+01 4.99723386708e+01 2.94463043213e+02 9.06159985841e+01 1.50872096000e+02 3.66037577391e-01 0.00000000000e+00 2.80859962435e-01
5.26926279068e-01 1.08989562988e+01 3.73058661156e+01 2.73694366455e+02 9.11552545196e+01 2.17556880000e+01 5.55387139320e-01 0.00000000000e+00 3.94380832423e-01
3.76263141632e+00 1.25276489258e+01 9.59585199159e+00 2.93170410156e+02 1.75098050217e+02 3.76407720000e+01 7.44140565395e-01 0.00000000000e+00 1.61185794226e-01
6.10513782501e+00 1.57626037598e+01 2.40873956760e+01 3.00547363281e+02 2.62166813450e+02 3.09499640000e+01 8.89683008194e-01 0.00000000000e+00 2.16540762729e-01
1.14803051949e+00 6.01296997070e+00 1.56977838176e+02 2.80029785156e+02 1.73254299118e+02 2.35579780000e+01 3.46630126238e-01 0.00000000000e+00 3.50579469335e-01
5.28619766235e-01 9.37808227539e+00 2.10401760697e+01 2.93726928711e+02 5.58639323985e+01 5.60367400000e+01 3.81068021059e-01 0.00000000000e+00 3.43646193700e-01
5.93624973297e+00 1.53455200195e+01 4.24096404248e+01 2.98341125488e+02 2.65171461768e+02 3.03690120000e+01 4.04953211546e-01 0.00000000000e+00 3.97148851649e-01
2.33209609985e-01 1.50662536621e+01 1.00725878747e+02 2.91129608154e+02 5.53181056359e+01 4.02450240000e+01 4.42502975464e-01 0.00000000000e+00 2.93353473615e-01
2.53183555603e+00 9.14370727539e+00 2.69592300765e+02 2.98242279053e+02 1.72979606868e+02 9.45202880000e+01 7.67758250237e-01 0.00000000000e+00 5.15383901560e-02
6.33446693420e-01 1.29963684082e+01 2.55985624453e+01 2.85179931641e+02 1.31453347153e+02 3.61889400000e+01 7.80331254005e-01 0.00000000000e+00 2.22157884165e-01
3.32824277878e+00 1.24560546875e+01 1.56765789040e+01 2.88967407227e+02 1.32431124938e+02 3.59529760000e+01 1.36943589896e-02 0.00000000000e+00 3.28779070885e-01
4.17808723450e+00 1.52063293457e+01 8.23026189779e+01 2.97621063232e+02 2.18719304185e+02 2.63755940000e+01 6.13950788975e-01 0.00000000000e+00 2.60164900633e-01
2.47587680817e-01 1.83230590820e+00 1.09492635466e+01 2.79367584229e+02 9.13218503821e+01 3.34953700000e+01 1.46037682891e-01 0.00000000000e+00 3.10740475246e-01
6.17161178589e+00 1.54781799316e+01 2.72509103611e+01 2.99210693359e+02 2.63764266501e+02 4.26077400000e+01 5.79955637455e-01 0.00000000000e+00 2.90285875015e-01
5.92714214325e+00 1.62292175293e+01 1.00978445798e+02 2.98220977783e+02 2.62798363827e+02 8.25407920000e+01 4.76998060942e-01 0.00000000000e+00 3.13506060514e-01
9.40984249115e-01 1.34080200195e+01 8.96648102192e+01 2.80600158691e+02 9.24356415270e+01 2.48557440000e+01 8.64505171776e-01 0.00000000000e+00 1.52295823484e-01
2.18741798401e+00 6.82177734375e+00 9.19926332640e+01 2.92882659912e+02 1.31210195126e+02 3.83396480000e+01 5.27264118195e-01 0.00000000000e+00 3.16443314271e-01
1.97179436684e-01 1.64385375977e+01 4.49251216769e+01 2.71384826660e+02 2.20722814614e+02 3.60634480000e+01 2.88514107466e-01 0.00000000000e+00 2.92107694598e-01
2.73050308228e-01 2.30050659180e+00 1.14468811171e+02 2.73351196289e+02 1.31587619919e+02 2.21255580000e+01 3.92307400703e-01 0.00000000000e+00 7.67089975805e-02
3.31389427185e-01 2.99734497070e+00 2.37504145732e+01 2.91834472656e+02 5.61387977905e+01 3.43585960000e+01 9.37601804733e-01 0.00000000000e+00 3.25324288059e-01
4.94061946869e+00 1.85033569336e+01 1.54297201470e+02 2.95523834229e+02 2.65333461552e+02 4.17993240000e+01 3.91874194145e-01 0.00000000000e+00 3.41641054661e-01
7.19838809967e+00 2.29512329102e+01 4.37583826296e+02 2.98199523926e+02 3.09812197399e+02 6.45846160000e+01 4.89871889353e-01 0.00000000000e+00 2.75033309545e-01
4.76483154297e+00 1.38606872559e+01 1.28473310367e+02 2.97838592529e+02 2.63185880810e+02 5.12192960000e+01 9.28476631641e-01 0.00000000000e+00 2.03892429667e-01
4.28414011002e+00 1.36173706055e+01 2.96507359710e+02 2.89892517090e+02 2.59165752760e+02 3.33620740000e+01 3.90689671040e-01 0.00000000000e+00 2.86748374821e-01
6.47529125214e+00 1.54349670410e+01 4.43698068193e+01 2.97624450684e+02 2.64865294137e+02 2.75247100000e+01 4.56034392118e-01 0.00000000000e+00 4.27774615727e-01
4.02035999298e+00 8.81613159180e+00 7.75340474354e+01 2.92488159180e+02 1.74411899046e+02 4.29370000000e+01 8.17164242268e-01 0.00000000000e+00 2.49015296911e-01
1.84623432159e+00 1.27288818359e+01 1.10936683601e+02 2.80086181641e+02 2.17932902456e+02 5.60023560000e+01 6.28802359104e-01 0.00000000000e+00 2.51267997018e-01
1.25849771500e+00 3.59954833984e+00 2.79548876169e+01 2.82923004150e+02 1.26157565410e+02 3.60179120000e+01 8.14008861780e-02 0.00000000000e+00 3.96588323401e-01
4.79849529266e+00 1.31994323730e+01 2.02613717744e+01 2.98684631348e+02 2.19179998332e+02 4.11411360000e+01 6.41586244106e-01 0.00000000000e+00 2.35492716862e-01
5.73163032532e-01 2.23318481445e+00 5.26255820738e+00 2.92921905518e+02 9.12101597743e+01 6.44704440000e+01 6.63099765778e-01 0.00000000000e+00 1.89073359264e-01
2.78339004517e+00 9.53604125977e+00 1.10916735206e+01 2.98025665283e+02 1.73776553804e+02 4.31002320000e+01 1.79071217775e-01 0.00000000000e+00 2.39657900240e-01
6.02197647095e-02 6.68917846680e+00 7.19810826031e+01 2.85348297119e+02 5.59176811333e+01 4.64375880000e+01 7.62695550919e-01 0.00000000000e+00 2.56398441139e-01
2.06999301910e-01 2.59219360352e+00 1.84650187020e+01 2.78280822754e+02 8.98784314896e+01 3.36683680000e+01 3.24844419956e-01 0.00000000000e+00 3.65396400678e-01
1.50599718094e-01 1.11330566406e+01 8.16542586545e+01 2.73176513672e+02 5.56207470550e+01 4.09910840000e+01 6.07612967491e-01 0.00000000000e+00 2.80951072633e-01
5.46361923218e-01 1.00891418457e+01 5.82944064325e+01 2.96265045166e+02 9.01386452205e+01 3.60512280000e+01 5.19225478172e-01 0.00000000000e+00 3.22326690287e-01
6.18649482727e+00 1.50727539062e+01 4.17727028678e+01 3.00559204102e+02 2.63141787869e+02 4.26711760000e+01 7.53359615803e-01 0.00000000000e+00 2.30024832428e-01
2.03042697906e+00 1.01207885742e+01 2.01769233012e+02 2.93210449219e+02 1.32263191071e+02 1.62785904000e+02 9.87487971783e-01 0.00000000000e+00 2.57843756546e-02
9.21698808670e-01 3.19424438477e+00 2.24316938493e+01 2.74213256836e+02 1.26199471463e+02 4.23344840000e+01 5.23265957832e-01 0.00000000000e+00 3.56629038251e-01
1.34814023972e-01 7.54168701172e+00 7.31365132393e+01 2.70675689697e+02 8.99026078777e+01 7.04808960000e+01 7.43972718716e-01 0.00000000000e+00 1.59564425230e-01
7.15178680420e+00 2.05952148438e+01 2.45007199451e+02 3.00026367188e+02 3.10648988507e+02 4.20296080000e+01 8.68920564651e-01 0.00000000000e+00 2.49711184844e-01
1.09507703781e+00 4.27261352539e+00 8.37335661808e+00 2.82184112549e+02 1.26906731487e+02 3.57847040000e+01 6.18260025978e-01 0.00000000000e+00 2.36189417193e-01
2.69738101959e+00 9.36633300781e+00 9.01311460966e+01 2.84511718750e+02 2.13822173996e+02 4.69706840000e+01 2.33378767967e-01 0.00000000000e+00 4.23619671305e-01
7.67202949524e+00 1.71533508301e+01 1.24711835255e+02 3.00245513916e+02 3.09328184402e+02 3.21487320000e+01 7.91647851467e-01 0.00000000000e+00 2.97467112963e-01
1.65602684021e+00 8.69668579102e+00 1.08301686470e+01 2.92858551025e+02 1.32876884054e+02 5.49300080000e+01 9.29602801800e-01 0.00000000000e+00 1.94965481868e-01
3.42616701126e+00 9.21420288086e+00 3.24512438039e+02 2.89692352295e+02 2.17845892740e+02 5.42389120000e+01 6.98844254017e-01 0.00000000000e+00 1.32640800916e-01
3.29157543182e+00 1.42163085938e+01 1.08929698824e+02 2.91920318604e+02 1.75046716513e+02 3.74929280000e+01 2.94022649527e-01 0.00000000000e+00 3.84335728877e-01
3.45899343491e-01 2.44442749023e+00 1.18104699102e+02 2.76747375488e+02 2.15161706729e+02 3.71838400000e+01 2.43946090341e-02 0.00000000000e+00 1.25476050607e-01
3.10885477066e+00 1.80570068359e+01 1.04858514366e+02 2.90321960449e+02 2.20893793494e+02 5.01634920000e+01 5.93860208988e-01 0.00000000000e+00 2.40547396104e-01
3.27176094055e+00 1.65714721680e+01 6.01218273168e+00 2.95011383057e+02 9.11495772754e+01 5.27474600000e+01 6.01427674294e-01 0.00000000000e+00 1.15179907992e-01
1.33192586899e+00 7.21948242188e+00 4.06414709660e+01 2.77044952393e+02 1.63306724803e+02 3.71445120000e+01 6.78717911243e-01 0.00000000000e+00 3.23418386807e-01
2.19094276428e-01 2.50689697266e+00 2.65706003175e+01 2.93465454102e+02 9.14530032482e+01 3.53192120000e+01 4.77310091257e-01 0.00000000000e+00 2.89483808394e-01
5.05217790604e-01 7.30581665039e+00 3.46979381269e+01 2.72721160889e+02 1.28178509069e+02 3.42085600000e+01 1.40690833330e-01 0.00000000000e+00 4.47531871052e-01
8.06464195251e-01 1.62180786133e+01 8.60682890462e+00 2.89662719727e+02 2.21127922131e+02 3.83368240000e+01 5.29878377914e-01 0.00000000000e+00 1.33426094236e-01
2.09781646729e+00 1.38698425293e+01 1.76008136574e+02 2.85254302979e+02 2.61388766881e+02 3.91177640000e+01 2.06465765834e-01 0.00000000000e+00 3.84868467076e-01
9.66521263123e-01 8.62890625000e+00 3.00567139469e+01 2.98483978271e+02 5.54088530334e+01 8.45814240000e+01 5.32386898994e-02 0.00000000000e+00 3.73843388027e-01
6.69702434540e+00 1.73738708496e+01 1.91146668150e+01 2.98939575195e+02 3.11375954992e+02 3.19743100000e+01 9.33175504208e-01 0.00000000000e+00 2.43575273320e-01
2.56603860855e+00 8.65948486328e+00 3.53956001675e+01 2.84034240723e+02 2.19975718716e+02 2.76752460000e+01 2.03737840056e-01 0.00000000000e+00 4.57386626321e-01
1.54877662659e-01 1.07556457520e+01 1.27452767011e+02 2.76032073975e+02 1.30277803509e+02 3.73974640000e+01 7.75603711605e-01 0.00000000000e+00 1.19459294151e-01
6.86049461365e-02 1.15780944824e+01 8.14492815558e+01 2.81138336182e+02 5.70111574443e+01 3.58957640000e+01 7.46290028095e-01 0.00000000000e+00 2.17494911449e-01
6.71726512909e+00 1.73251037598e+01 8.66202581987e+01 2.99382537842e+02 3.11487827596e+02 4.30384920000e+01 3.01360011101e-01 0.00000000000e+00 4.20001854575e-01
7.19849586487e-01 8.70281982422e+00 7.56313362617e+01 2.71596527100e+02 1.67281895075e+02 2.34050720000e+01 1.97291553020e-01 0.00000000000e+00 4.95010105661e-01
1.43330621719e+00 6.85055541992e+00 2.89389489491e+01 2.90349243164e+02 1.63660835380e+02 9.88571200000e+01 4.59337860346e-01 0.00000000000e+00 3.13620285132e-01
6.02261066437e-01 6.07022094727e+00 1.33994496168e+02 2.73818054199e+02 1.27553003170e+02 4.97046800000e+01 3.23196291924e-01 0.00000000000e+00 3.86096001963e-01
1.48023509979e+00 1.00553283691e+01 1.43970148829e+02 2.75887268066e+02 2.08433895791e+02 2.75915740000e+01 3.59993845224e-01 0.00000000000e+00 3.76538176696e-01
2.89346504211e+00 1.02842407227e+01 1.58562107148e+01 2.96274688721e+02 1.30916999828e+02 3.71422960000e+01 7.36368238926e-01 0.00000000000e+00 2.40190006482e-01
2.54782104492e+00 1.42378540039e+01 2.02373087875e+02 2.83665802002e+02 2.50004555615e+02 3.93931440000e+01 1.35309010744e-01 0.00000000000e+00 4.44653306070e-01
1.49335861206e-01 9.54763793945e+00 4.67531605659e+01 2.97774353027e+02 5.60821199940e+01 1.34608656000e+02 7.55544424057e-01 0.00000000000e+00 1.78798897371e-01
5.56100463867e+00 1.37334289551e+01 3.72549130832e+01 2.99174682617e+02 2.65912713004e+02 4.21580240000e+01 4.42305535078e-01 0.00000000000e+00 3.35425458478e-01
4.29616165161e+00 1.11232910156e+01 4.31136481642e+01 3.00894470215e+02 2.17281466262e+02 4.03098960000e+01 8.39664041996e-01 0.00000000000e+00 2.21697892920e-01
5.67130947113e+00 1.06995544434e+01 1.87299483117e+01 2.99669494629e+02 2.17348447414e+02 4.07986240000e+01 1.44026100636e-01 0.00000000000e+00 3.20171581262e-01
3.51113414764e+00 1.59710998535e+01 1.43143942603e+02 2.95803802490e+02 2.67928441910e+02 4.15540080000e+01 5.94687998295e-01 0.00000000000e+00 2.47146745304e-01
6.99004173279e-01 6.63580322266e+00 1.14112143260e+02 2.84153625488e+02 9.17078839633e+01 3.41102160000e+01 5.13561487198e-01 0.00000000000e+00 3.21207268233e-01
5.67522430420e+00 1.46320495605e+01 3.54095082623e+02 2.92694793701e+02 2.63322973365e+02 9.47426720000e+01 3.50814372301e-01 0.00000000000e+00 3.55516237838e-01
8.84371757507e-01 1.43439331055e+01 8.98992230908e+01 2.86342437744e+02 1.31692028874e+02 2.35415680000e+01 6.00755691528e-01 0.00000000000e+00 2.21147812633e-01
7.66906738281e-02 3.24505615234e+00 4.89389721408e+00 2.80702087402e+02 5.57434340189e+01 3.28854560000e+01 3.25001597404e-01 0.00000000000e+00 2.66165714386e-01
5.21331787109e+00 1.42742004395e+01 1.25620383925e+01 2.98188903809e+02 2.18049186096e+02 4.04322360000e+01 4.20214027166e-01 0.00000000000e+00 2.08188364109e-01
6.85165405273e+00 1.52347412109e+01 7.14138347803e+00 3.02062957764e+02 2.61567984094e+02 4.33785960000e+01 8.17182600498e-01 0.00000000000e+00 4.95750313586e-02
2.35653162003e-01 8.11026000977e+00 1.14470855742e+02 2.67188354492e+02 1.66631933526e+02 2.30410620000e+01 2.98432260752e-01 0.00000000000e+00 4.20361083597e-01
1.04489648342e+00 1.02593383789e+01 1.69134266949e+02 2.72960754395e+02 2.07572144346e+02 2.86137440000e+01 5.14003634453e-01 0.00000000000e+00 2.86649826902e-01
1.56340599060e+00 9.18481445312e+00 1.90496084952e+01 2.83773071289e+02 1.30217664463e+02 2.76220020000e+01 1.42230734229e-01 0.00000000000e+00 3.62844832230e-01
6.01769351959e+00 1.71706848145e+01 1.12236036384e+02 2.97696899414e+02 2.65360829811e+02 5.54725080000e+01 3.71469020844e-01 0.00000000000e+00 3.62555278324e-01
5.69832801819e+00 1.50274353027e+01 2.33242855065e+01 2.99100921631e+02 2.64802688673e+02 4.25459720000e+01 9.27205801010e-01 0.00000000000e+00 2.14423261084e-01
3.21702289581e+00 1.78757934570e+01 4.96917257789e+02 2.84470245361e+02 2.67178004454e+02 7.64778240000e+01 7.06986069679e-01 0.00000000000e+00 1.57389657208e-01
1.42116093636e+00 1.10985717773e+01 2.19691718479e+02 2.74713714600e+02 2.59705760366e+02 7.04769040000e+01 5.73684394360e-01 0.00000000000e+00 2.62628626308e-01
3.56707048416e+00 1.13865356445e+01 2.74875862174e+01 2.85270721436e+02 1.74576468200e+02 3.67068440000e+01 6.97644829750e-01 0.00000000000e+00 3.43669582056e-01
8.17285537720e-01 9.03741455078e+00 6.93488651676e+01 2.91026367188e+02 9.12992085255e+01 3.51685400000e+01 3.70262473822e-01 0.00000000000e+00 4.20759355427e-01
5.31314945221e+00 1.45506896973e+01 4.45008638358e+01 2.99523010254e+02 2.63183837986e+02 3.06597160000e+01 6.26580238342e-01 0.00000000000e+00 2.64679951248e-01
1.88016891479e-02 1.43286132812e+00 1.27394554242e+01 2.86324523926e+02 2.74636891954e+01 8.35814880000e+01 5.74570119381e-01 0.00000000000e+00 8.99547246068e-02
3.63567519188e+00 1.67144470215e+01 8.41935532794e+01 2.83202789307e+02 2.17423622409e+02 3.82806400000e+01 5.08147299290e-01 0.00000000000e+00 3.82529079458e-01
2.40391111374e+00 1.24673461914e+01 1.45888173597e+02 2.87424713135e+02 2.17580571328e+02 3.92104600000e+01 8.22754025459e-01 0.00000000000e+00 1.91428394019e-01
9.23933982849e-02 6.86755371094e+00 9.78775791034e+01 2.78745941162e+02 5.63125261713e+01 2.15210320000e+01 2.36211597919e-01 0.00000000000e+00 3.54392000647e-01
4.29302692413e+00 1.19869384766e+01 1.78341684650e+01 3.00752410889e+02 1.72205331291e+02 7.78782800000e+01 8.17798912525e-01 0.00000000000e+00 2.13990659178e-01
1.10429620743e+00 7.94076538086e+00 2.46328976070e+01 2.80906402588e+02 1.31983943315e+02 3.47532840000e+01 8.99479910731e-02 0.00000000000e+00 3.98151410730e-01
6.30321598053e+00 1.72160034180e+01 9.28625949943e+01 2.99968688965e+02 3.11892376615e+02 4.29379360000e+01 9.36844110489e-01 0.00000000000e+00 2.64335058006e-01
6.10917568207e-01 8.15356445312e+00 4.87120106649e+01 2.76933380127e+02 1.29106703846e+02 3.46886920000e+01 5.19803106785e-01 0.00000000000e+00 3.38441489095e-01
8.51392745972e-01 2.12800903320e+01 2.83585570604e+02 2.79897430420e+02 2.64193825213e+02 6.30745320000e+01 7.35804498196e-01 0.00000000000e+00 1.01837314528e-01
1.11521625519e+00 5.11880493164e+00 2.65621920644e+01 2.91030090332e+02 5.60774398879e+01 1.50750960000e+02 6.29615187645e-01 0.00000000000e+00 3.27097132870e-01
3.53270053864e-01 8.46997070312e+00 2.10073999392e+01 2.80321197510e+02 5.57676173273e+01 4.88264640000e+01 1.82942420244e-01 0.00000000000e+00 4.17688409898e-01
3.21159362793e-02 1.27417907715e+01 3.02139443924e+01 2.81373565674e+02 5.60958061657e+01 3.61898360000e+01 1.27250090241e-01 0.00000000000e+00 4.60084205999e-01
2.67131805420e-01 3.14956665039e+00 6.60120131348e+00 2.96747406006e+02 8.96697716603e+01 3.62332640000e+01 8.41543555260e-01 0.00000000000e+00 1.65756787486e-01
1.97168540955e+00 5.58218383789e+00 5.24777897567e+01 2.90801666260e+02 2.15736139399e+02 2.56246460000e+01 5.44681906700e-01 0.00000000000e+00 3.08699850063e-01
1.77308177948e+00 1.11017761230e+01 6.30540203376e+00 2.92654693604e+02 1.31827281126e+02 6.98221360000e+01 5.37942707539e-01 0.00000000000e+00 1.55467749153e-01
4.44511413574e-01 9.77587890625e+00 9.05156796407e+01 2.87104644775e+02 5.62592055775e+01 3.37029280000e+01 3.59079957008e-01 0.00000000000e+00 3.98982368833e-01
4.51143074036e+00 1.70892639160e+01 3.87264888645e+01 2.96222930908e+02 2.66650179452e+02 4.14626960000e+01 7.00839400291e-01 0.00000000000e+00 2.52094002979e-01
1.54129672050e+00 1.03563842773e+01 1.45236982325e+02 2.76211547852e+02 1.74103122749e+02 2.58909280000e+01 3.08885574341e-01 0.00000000000e+00 4.01082737782e-01
2.88289546967e-01 3.49160766602e+00 9.90099675198e+01 2.81308013916e+02 1.28948713667e+02 3.52135760000e+01 2.40456342697e-01 0.00000000000e+00 2.24716133685e-01
5.44020652771e+00 1.69461364746e+01 6.72496466130e+01 2.98387359619e+02 3.10195077869e+02 4.43360640000e+01 4.81895774603e-01 0.00000000000e+00 3.55699050497e-01
5.73089742661e+00 1.10164794922e+01 5.68260891725e+00 2.99767120361e+02 2.63055711346e+02 4.21545280000e+01 4.62331742048e-01 0.00000000000e+00 1.22783315230e-01
1.03101921082e+00 1.00420837402e+01 1.76081247138e+02 2.72839202881e+02 2.15193706139e+02 1.02290944000e+02 7.04876899719e-01 0.00000000000e+00 1.70718519220e-01
8.85181427002e-01 3.64370727539e+00 6.42080940776e+00 3.00373596191e+02 9.04492932597e+01 3.65459200000e+01 8.99095952511e-01 0.00000000000e+00 1.48876360027e-01
1.56028652191e+00 1.14712524414e+01 1.19702662797e+02 2.80094909668e+02 1.75036132686e+02 2.34981760000e+01 4.54314172268e-01 0.00000000000e+00 3.19226032267e-01
1.08126330376e+00 4.23565673828e+00 1.09142258638e+02 2.81712860107e+02 1.67987905769e+02 2.42287360000e+01 2.03051492572e-01 0.00000000000e+00 3.51348094116e-01
7.41194152832e+00 1.83889465332e+01 1.14840633874e+02 3.02142913818e+02 3.13034820763e+02 4.47670200000e+01 2.61506050825e-01 0.00000000000e+00 4.18990895996e-01
4.56407785416e-01 5.96044921875e+00 1.03682335811e+02 2.70982543945e+02 1.71452040262e+02 3.51349080000e+01 3.71056407690e-01 0.00000000000e+00 3.71668186587e-01
5.33470153809e-01 1.37189941406e+01 1.89894024489e+02 2.95350616455e+02 1.29455495582e+02 9.50485360000e+01 2.98318147659e-01 0.00000000000e+00 3.01160022684e-01
6.48584365845e-01 7.45556640625e+00 7.03754771857e+01 2.83931610107e+02 5.70284634705e+01 2.17932900000e+01 1.46150767803e-01 0.00000000000e+00 4.52712032765e-01
3.28974819183e+00 1.28299865723e+01 7.99559639270e+00 2.90137695312e+02 2.20202959502e+02 1.36697920000e+02 1.96735143661e-01 0.00000000000e+00 2.15111886316e-01
5.79740810394e+00 1.34904479980e+01 3.18448714669e+01 2.98965209961e+02 2.18350439775e+02 4.03073200000e+01 8.40641677380e-01 0.00000000000e+00 2.47511633788e-01
1.26614809036e+00 9.85247802734e+00 8.75389605161e+01 2.84125518799e+02 9.22099878146e+01 3.41693200000e+01 5.70371925831e-01 0.00000000000e+00 3.19743941367e-01
4.79818630219e+00 1.69007263184e+01 6.62385335486e+01 2.95338775635e+02 2.18627285310e+02 5.09482120000e+01 6.46175324917e-01 0.00000000000e+00 2.64495353745e-01
3.96744728088e+00 1.72991943359e+01 2.63149387959e+02 2.85120086670e+02 3.12099738013e+02 3.31616400000e+01 5.23193120956e-01 0.00000000000e+00 3.10262971321e-01
4.17887878418e+00 1.10336303711e+01 5.88203291853e+01 2.97090545654e+02 2.65189200835e+02 4.18144400000e+01 3.20918597281e-02 0.00000000000e+00 4.23208371440e-01
8.28794956207e-01 1.11671752930e+01 1.35631441801e+02 2.83519317627e+02 9.14143397549e+01 2.26438240000e+01 3.15602660179e-01 0.00000000000e+00 2.53903550181e-01
9.05003070831e+00 1.82321166992e+01 2.76304532031e+01 3.00889251709e+02 3.10407038538e+02 4.44853120000e+01 5.30933439732e-01 0.00000000000e+00 3.38476179536e-01
7.00688004494e-01 6.32611083984e+00 1.53402237266e+02 2.70019073486e+02 2.60650130863e+02 2.46718660000e+01 4.18503433466e-01 0.00000000000e+00 3.45431973693e-01
2.57088088989e+00 1.16729125977e+01 1.94589767407e+02 2.81586730957e+02 2.14433622415e+02 2.98993920000e+01 2.65332832932e-02 0.00000000000e+00 4.28275249675e-01
1.29522323608e+00 9.38717651367e+00 6.80033855012e+00 2.76028991699e+02 1.28561769801e+02 3.47138320000e+01 2.64229834080e-01 0.00000000000e+00 2.38601825301e-01
3.01907062531e-02 1.13645629883e+01 4.57698886247e+01 2.71780212402e+02 5.61496904431e+01 3.17873720000e+01 9.71180126071e-02 0.00000000000e+00 4.87144464993e-01
5.33710765839e+00 1.12322998047e+01 1.22167543597e+01 3.00439483643e+02 2.17916485654e+02 1.36036160000e+02 9.19087350369e-01 0.00000000000e+00 1.06054014625e-01
2.21244812012e-01 1.01165161133e+01 8.97835206048e+01 2.88521942139e+02 5.66685956089e+01 8.91980320000e+01 1.65137186646e-01 0.00000000000e+00 4.16371194302e-01
7.61000633240e-01 9.38897705078e+00 5.69910122940e+01 2.82543548584e+02 9.19227268869e+01 3.39538600000e+01 7.97971129417e-01 0.00000000000e+00 1.97812879890e-01
5.20735645294e+00 1.37021179199e+01 1.61668277419e+02 2.99034942627e+02 2.64537849978e+02 2.76462420000e+01 8.15042853355e-01 0.00000000000e+00 2.25106859506e-01
9.98196125031e-01 6.75112915039e+00 1.11748066851e+02 2.80337554932e+02 1.27276669285e+02 3.49184080000e+01 2.91207373142e-01 0.00000000000e+00 4.32676979306e-01
3.01252174377e+00 9.63909912109e+00 4.56800678764e+01 2.90077392578e+02 1.74884073831e+02 1.82029720000e+01 6.38293683529e-01 0.00000000000e+00 3.38186450934e-01
5.53764438629e+00 1.53777160645e+01 7.28065650612e+01 2.99932189941e+02 2.61669435602e+02 4.13685120000e+01 4.06928271055e-01 0.00000000000e+00 3.29598525021e-01
1.89930438995e-01 6.17260742188e+00 5.75271976515e+01 2.74943267822e+02 9.02460568836e+01 4.60139720000e+01 3.61370388418e-03 0.00000000000e+00 5.05520389543e-01
3.10536098480e+00 1.26222839355e+01 1.47713929040e+01 2.92186920166e+02 1.74154855124e+02 3.79055760000e+01 1.21409229934e-01 0.00000000000e+00 2.99003938319e-01
5.56552028656e+00 1.37640075684e+01 4.08499281634e+01 3.00025573730e+02 2.63766787148e+02 4.26216480000e+01 4.48759913445e-01 0.00000000000e+00 3.25660472991e-01
3.15118455887e+00 1.49781494141e+01 1.38851433914e+02 2.94947845459e+02 3.13747928084e+02 4.31642840000e+01 3.16480696201e-01 0.00000000000e+00 3.05194550698e-01
1.46268224716e+00 1.29226074219e+01 1.33393321647e+02 2.88440734863e+02 1.73482343886e+02 6.00394040000e+01 2.20391258597e-01 0.00000000000e+00 3.59243232339e-01
1.86631965637e+00 6.14730834961e+00 1.76493215774e+01 3.02150146484e+02 2.66877085122e+02 5.83972544000e+02 2.49408558011e-01 0.00000000000e+00 2.72515263245e-01
2.64861536026e+00 1.41635131836e+01 2.33000650642e+02 2.83861877441e+02 2.60128819259e+02 3.56834600000e+01 8.34181964397e-01 0.00000000000e+00 1.46853878092e-01
5.16677474976e+00 1.27007141113e+01 2.66966799500e+01 2.97589172363e+02 2.17850798622e+02 4.01692480000e+01 8.24311137199e-01 0.00000000000e+00 2.43120515293e-01
2.78226852417e+00 1.14416503906e+01 1.04063286664e+02 2.88317993164e+02 2.18255362223e+02 3.87831760000e+01 1.41880854964e-01 0.00000000000e+00 4.42865902619e-01
1.75941658020e+00 1.17148132324e+01 2.13629623496e+01 2.93853637695e+02 1.74159555559e+02 5.75066120000e+01 9.35218393803e-01 0.00000000000e+00 2.05134726500e-01
5.43575382233e+00 1.25885620117e+01 3.64925019479e+01 2.97151763916e+02 2.18722051671e+02 2.63235520000e+01 7.47541010380e-01 0.00000000000e+00 2.74665882128e-01
1.31721496582e-01 1.12843322754e+01 6.26384729436e+01 2.95203826904e+02 5.55878892996e+01 5.66976440000e+01 7.56050586700e-01 0.00000000000e+00 1.62291947067e-01
2.47399330139e+00 7.04849243164e+00 8.51637333146e+01 2.91337524414e+02 1.30978177718e+02 2.66409680000e+01 5.86646497250e-01 0.00000000000e+00 3.05697341963e-01
6.14128398895e+00 1.52070312500e+01 1.67090038031e+01 3.02232269287e+02 2.61245513346e+02 1.23283520000e+02 9.11245703697e-01 0.00000000000e+00 1.75478316598e-01
4.40022468567e-01 1.17146301270e+01 9.17905938578e+01 2.88750091553e+02 5.61511312284e+01 3.38361080000e+01 1.87525987625e-01 0.00000000000e+00 4.04760817870e-01
3.73625755310e-01 7.05880737305e+00 4.73559881837e+01 2.94537384033e+02 5.42276382252e+01 3.54616200000e+01 2.82604813576e-01 0.00000000000e+00 4.43136289740e-01
6.50918054581e+00 1.85112304688e+01 7.40424091083e+01 2.96843627930e+02 3.09749604512e+02 4.47043040000e+01 2.11293771863e-01 0.00000000000e+00 4.48066927953e-01
5.88252544403e+00 1.54114074707e+01 8.92771721859e+01 2.99976562500e+02 2.63813370382e+02 2.79788100000e+01 7.95482158661e-01 0.00000000000e+00 2.56970763425e-01
5.48729896545e-01 1.28663330078e+01 1.38210467326e+02 2.76857360840e+02 1.29336215089e+02 2.73342660000e+01 1.71787247062e-01 0.00000000000e+00 4.02673758218e-01
2.73951315880e+00 1.27849426270e+01 1.15130383833e+02 2.83734863281e+02 2.48852582145e+02 3.76464360000e+01 1.59741908312e-01 0.00000000000e+00 4.73007884327e-01
1.77932739258e-01 1.01403198242e+01 8.42466660532e+01 2.94461456299e+02 9.15549566614e+01 4.95344000000e+01 5.01142442226e-01 0.00000000000e+00 3.09000196896e-01
1.33454608917e+00 1.26017456055e+01 1.72669848121e+01 2.91041107178e+02 1.31295489832e+02 4.76288000000e+01 7.95556664467e-01 0.00000000000e+00 2.23792991989e-01
1.48835492134e+00 5.39324951172e+00 1.57030338247e+02 2.80016998291e+02 1.71251357670e+02 9.33026960000e+01 4.76653009653e-01 0.00000000000e+00 2.34062171897e-01
4.95476007462e-01 3.42526245117e+00 3.59707881352e+01 2.79239013672e+02 8.72671800958e+01 2.27650340000e+01 6.99791610241e-01 0.00000000000e+00 3.82046265611e-01
1.98737645149e+00 1.16565551758e+01 1.46728965529e+02 2.85748504639e+02 2.63530552703e+02 2.62803200000e+01 4.50509607792e-01 0.00000000000e+00 3.14990864631e-01
1.24249792099e+00 7.06408691406e+00 4.59416644432e+01 2.85480316162e+02 1.29526730599e+02 3.56816920000e+01 6.26562893391e-01 0.00000000000e+00 3.12131851781e-01
8.70592594147e+00 2.11184387207e+01 2.36631209767e+01 3.00456024170e+02 3.09682681960e+02 5.79141320000e+01 5.82213282585e-01 0.00000000000e+00 3.13165703257e-01
1.87547969818e+00 8.88726806641e+00 2.37633118540e+01 2.81080627441e+02 2.14609908591e+02 3.79973800000e+01 4.00611102581e-01 0.00000000000e+00 3.84750262661e-01
4.53940629959e-01 1.12271728516e+01 7.77529569703e+01 2.77094940186e+02 9.26270433119e+01 4.30686560000e+01 2.95097976923e-01 0.00000000000e+00 4.66377081873e-01
6.46368741989e-01 8.05279541016e+00 7.88026669002e+01 2.76126739502e+02 1.32416942370e+02 1.87866512000e+02 2.77654975653e-01 0.00000000000e+00 3.51950119332e-01
4.94899749756e-02 1.31521606445e+01 1.13473565252e+02 2.71614807129e+02 5.59302710404e+01 3.62903480000e+01 2.27764979005e-01 0.00000000000e+00 2.32871804654e-01
3.85581016541e-01 2.84365844727e+00 3.93670620008e+01 2.75192657471e+02 8.89295380421e+01 3.36300640000e+01 1.93443402648e-01 0.00000000000e+00 3.91276032995e-01
4.50601816177e-01 1.31576538086e+01 9.53591757341e+01 2.74014251709e+02 1.29073112210e+02 3.43342880000e+01 7.41096198559e-01 0.00000000000e+00 1.79245140099e-01
3.65149497986e-01 1.44856262207e+01 1.15806610127e+02 2.86013671875e+02 9.25465221462e+01 2.27039620000e+01 7.79292657971e-02 0.00000000000e+00 2.90943308615e-01
9.14396524429e-01 5.89004516602e+00 6.75070633157e+01 2.72601501465e+02 1.29259553759e+02 2.48628740000e+01 2.46007993817e-01 0.00000000000e+00 5.09074084819e-01
6.65310478210e+00 1.64172058105e+01 5.54079397818e+01 3.02092864990e+02 2.61674080289e+02 4.32118680000e+01 5.87502241135e-01 0.00000000000e+00 2.72568099903e-01
5.45023441315e-01 1.33620605469e+01 3.94655651289e+01 2.73797698975e+02 1.31434776877e+02 2.52523000000e+01 2.95823335648e-01 0.00000000000e+00 4.07259924939e-01
