0.00717878341674805 3.748779296875 154.427396063579 271.388702392578 90.1778180657373 165.357296 0 0.18174395225555312
0.0711970329284668 0.779083251953125 75.4199414672704 261.428436279297 56.2504807577806 20.161914000000003 0 0.09418654685848098
0.150972366333008 2.96804809570312 3.78470095047853 297.89306640625 55.3935040562928 44.081916 0 0.2099933606974803
0.16518694162368802 8.61228942871094 224.554094680443 254.46437072753898 172.087328571261 23.795607999999998 0 0.4803352639055969
0.0718286037445068 4.633636474609379 17.4760852093692 273.288665771484 26.8494448374884 31.886188 0 0.16569190678125184
1.49070453643799 3.88064575195312 36.013275135282896 291.817352294922 56.486773208930394 11.26834 0 0.4620778648366143
9.976686477661131 19.6482543945312 161.21380618652 300.887451171875 309.44795226852904 34.645828 0 0.4861539462917307
1.19777584075928 26.186218261718803 242.97896797987002 278.84893798828097 310.80486639118 32.642378 0 0.4039741842943568
3.27498960494995 13.6132202148438 648.315545143975 286.271942138672 262.764856309652 113.62128 0 0.3292122043598735
0.0665378570556641 4.820343017578121 88.2922364797183 303.663787841797 55.20137470366961 66.77502 0 0.40988173394721467
1.10946702957153 23.5483703613281 301.587683234371 281.226898193359 317.970209438781 48.852044 0 0.3258125131007453
6.9122428894042995 14.1598510742188 36.106733747274795 300.584869384766 265.017642310231 481.59056 0 0.4470189628644449
0.160675048828125 6.7996826171875 129.68458282142 294.439819335938 56.004542576111206 36.111428000000004 0 0.2603621621987512
0.32545280456542997 7.428985595703121 108.771514912459 296.123291015625 55.9665011097729 126.64134399999999 0 0.4080655291607997
1.6400077342987098 4.993927001953121 130.1600849567 279.076416015625 214.557468604165 30.301696000000003 0 0.4130338671546222
1.82262241840363 6.786285400390621 75.7700637471245 278.302337646484 251.067471588595 40.10986 0 0.5588310631766479
0.0586681365966797 9.17041015625 75.4503777462645 273.009307861328 57.289767440620096 31.467696000000004 0 0.4324656214659012
0.0346918106079102 11.3751220703125 44.272473375081994 275.608489990234 55.9882696358259 84.16433599999999 0 0.5080511125133053
1.17659258842468 11.7225952148438 64.4721101283148 277.36627197265597 172.61896093502102 23.615184 0 0.5041759037339629
1.8048609495163 8.99688720703125 15.6015013927331 276.95635986328097 266.288837064939 38.418224 0 0.4946348059134101
0.908032417297363 10.1636657714844 42.5439970303274 290.661956787109 92.32861582383231 34.9361 0 0.4302768445089841
0.7622709274291991 9.38571166992188 73.1683503516893 294.15081787109403 55.877498983115395 85.969656 0 0.4554460688765678
1.3119368553161599 9.04757690429688 22.93345447795 284.768463134766 133.271665849112 35.139256 0 0.3800755861340934
1.8506917953491202 11.532623291015598 21.435547523969603 298.25732421875 130.073028271318 85.34098399999999 0 0.3110269394942275
0.6841952800750729 11.111358642578098 104.47836428912599 273.814208984375 132.874976556555 33.571524 0 0.5119351923537616
1.5829439163208001 12.9089965820312 111.737957444532 276.200897216797 169.31981225907302 36.18738 0 0.5253089174244641
0.10890769958496099 3.253173828125 55.1870726991311 289.671661376953 91.81932441159609 38.49058 0 0.3302235142393157
1.4507548809051498 8.94699096679688 121.964845955945 273.400665283203 217.446640941615 46.488368 0 0.5309742058249848
1.1040654182434098 11.587646484375 160.851233675282 288.267974853516 130.482150453722 38.664192 0 0.3414396533609791
0.375797271728516 11.140716552734402 115.05380660943199 294.28094482421903 90.8093030078517 59.794256000000004 0 0.4717169290501468
1.4603738784790001 24.819091796875 137.095953086867 286.992797851562 265.221625570512 30.165152000000003 0 0.3612851608664368
1.11355257034302 10.925201416015598 274.068413853606 281.923980712891 215.547555702221 98.34371999999999 0 0.40009127498931457
2.18714332580566 9.169921875 14.593833138703198 295.972442626953 131.73940415379 36.884555999999996 0 0.3032982733545297
3.8055400848388703 7.9351806640625 4.927432091231901 296.54534912109403 175.82076553532698 38.313748 0 0.15101212641333572
3.13198184967041 12.384033203125 20.0241875518958 294.739654541016 219.17301596153598 39.532315999999994 0 0.33247947926661464
3.95377254486084 12.969207763671902 4.763392342826791 291.596893310547 263.590042503038 62.861532 0 0.2751757260637124
2.11897850036621 13.5615844726562 31.657890642133196 298.085571289062 131.122249678681 37.332732 0 0.3422615077402928
3.5183668136596697 9.02511596679688 27.270398321426395 297.120727539062 172.5368181241 299.229504 0 0.3472362772470582
4.54104328155518 10.8400268554688 31.169986777126997 301.17230224609403 217.75637820249 40.739976 0 0.36619133744429305
5.86336326599121 14.192413330078098 6.079360801189231 299.602783203125 265.819656376884 42.632196 0 0.21964934644515072
1.9343380928039597 8.11648559570312 79.8845294208825 282.472290039062 172.63712833208697 32.223715999999996 0 0.4998545742602784
3.0203533172607404 11.06298828125 65.1912570895574 287.209197998047 175.651742317026 36.845232 0 0.483099903577262
3.20143032073975 12.181396484375 179.35631995075198 288.489135742188 265.014743422098 26.48729 0 0.4354886297295866
2.87126016616821 10.7814331054688 339.446593954803 287.360992431641 264.195553237635 77.172536 0 0.35587144506446833
4.05120134353638 11.623565673828098 95.81243840500922 296.802459716797 216.06624726138 26.962438 0 0.449729501985824
2.7129354476928698 12.941192626953098 212.586343784094 294.594116210938 174.002673921404 155.45099199999999 0 0.3481332819101466
3.3231258392333998 13.831298828125 57.137598225729505 291.485198974609 267.406837046371 40.650059999999996 0 0.4711232974117277
2.8004636764526403 13.764617919921902 177.362359086649 292.50146484375 218.18451298688598 51.012324 0 0.389262234443342
2.19611883163452 15.091949462890598 25.2608973993562 288.72918701171903 174.85937835753398 37.296504 0 0.3741739811388402
2.96314430236816 14.6011962890625 16.3068287809262 295.24249267578097 218.67115718222303 178.579184 0 0.2862922920518557
4.4972419738769505 20.2753601074219 30.9051615256349 291.42095947265597 309.305844505249 33.267472 0 0.5110707620832431
3.95913982391357 15.37353515625 59.400958485966996 296.247802734375 265.70843726884897 48.770648 0 0.38471500289301136
6.02834415435791 15.4741821289062 43.936500731619205 300.247894287109 261.620659646953 30.976276000000002 0 0.44816257729880576
6.78938484191895 16.0174865722656 14.456518570262599 301.906707763672 262.283876188396 43.31538 0 0.3169721942818512
6.987728118896481 15.143310546875 55.8471923026206 301.843902587891 309.471004493531 29.347958000000002 0 0.5497676700680144
7.39348030090332 15.603729248046902 12.6791166105985 299.822845458984 311.09205519949296 44.531664 0 0.3804223723613971
2.25765991210938 15.4373779296875 331.38365666647496 281.800872802734 263.390108770594 37.618296 0 0.34782109852284665
3.7951812744140603 16.2839965820312 262.080893046446 288.872436523438 262.789036157926 51.855515999999994 0 0.4165128244767912
3.04615926742554 16.3327331542969 94.4470005351499 285.023803710938 269.431456086965 30.254918 0 0.5991093970787463
2.7547850608825697 15.568939208984402 120.47736470943899 292.182159423828 267.028551667009 86.20047199999999 0 0.3368871680780933
7.41595268249512 16.1048278808594 83.2252651811876 300.626556396484 261.712008886624 28.20703 0 0.5046893595789722
6.76557159423828 17.8982238769531 78.9996200034507 301.571502685547 264.31031982371 42.881176 0 0.4431371031983041
7.3538112640380895 16.7989196777344 87.78157298279208 297.986083984375 311.904078475237 28.835546 0 0.5551558186945771
7.2335786819458 17.3767700195312 277.368653228457 299.775970458984 309.097198513834 118.637744 0 0.4521861792440293
1.4632773399353 10.924072265625 48.153190060349395 282.501617431641 131.25963987545902 35.0245 0 0.4556956331984657
0.7508473396301271 11.960296630859402 85.5647658271079 278.305572509766 91.54793512663271 33.548128000000005 0 0.5461908013895094
6.65633583068848 15.731353759765598 48.9896824041643 301.788665771484 262.67050424627104 41.564132 0 0.44078868693065004
0.8071458339691159 12.7377319335938 120.1243227646 272.25408935546903 173.13165730570802 34.963564 0 0.5191322027637725
8.93061351776123 14.208709716796902 7.1894528248272005 301.956176757812 262.18772262165 42.947792 0 0.3086891422244793
1.50996589660645 8.41836547851562 94.4364901687895 287.620819091797 173.239525406492 37.247212 0 0.473440721439093
1.4920206069946298 14.905670166015598 257.342151446866 290.17523193359403 209.9547818053 37.525484000000006 0 0.27145323822951983
7.63810253143311 19.9669494628906 125.207781723119 298.36724853515597 309.33285457606496 34.215348 0 0.511066741756072
6.162200927734379 17.5419921875 87.99701175639309 292.061279296875 312.69054568402 37.71504 0 0.5368580049105925
3.6150569915771498 16.9134521484375 16.2950227873245 293.678680419922 219.273641911254 39.5177 0 0.3140951292307677
2.05043792724609 13.573333740234402 142.33067445164 285.87225341796903 171.97667648840698 36.91462 0 0.4539834063752052
4.1719079017639205 15.324462890625 142.557510383323 294.900146484375 264.520292136788 41.471612 0 0.4101807927128896
0.284959316253662 7.83319091796875 11.8647257617976 284.31390380859403 56.7551961705517 60.123472 0 0.37108485781877054
1.6987419128418002 5.330108642578121 100.594350951639 295.527435302734 130.08921895043198 36.938976000000004 0 0.4104248521218885
0.9351496696472171 9.2303466796875 278.163588421653 274.487457275391 251.535814441082 63.290212 0 0.4206868719884664
0.16430759429931602 10.5712890625 53.784159879598896 295.689575195312 90.7908883858809 48.557936 0 0.40022463545321096
0.16943955421447798 11.4063110351562 93.0812185439252 269.03814697265597 172.501203533632 35.166012 0 0.4891524696819969
0.160165786743164 12.65625 74.80470417553559 287.032318115234 56.0312559306882 33.78184 0 0.4616160531065173
2.0554301738739 10.6495056152344 41.0936316753264 275.000396728516 254.410412534183 28.660528000000003 0 0.6098284793148181
5.59503841400146 13.877197265625 57.1656359700038 296.521728515625 218.207503435556 47.358612 0 0.45253678614690296
0.6628525257110601 7.255828857421879 107.736377313575 272.372955322266 213.47266446856602 36.788664000000004 0 0.4868697401834853
7.05012989044189 13.53466796875 17.8501473471641 300.840118408203 262.731831078199 27.946278000000003 0 0.3589574640173358
1.16505837440491 12.9598388671875 125.073918058604 277.325561523438 209.77197613751 44.141668 0 0.4553069908987324
3.33534145355225 7.641204833984379 26.6826351984628 286.324249267578 213.853823538624 25.511314000000002 0 0.44182882524406064
3.29808807373047 12.2131958007812 307.08017928143 291.734161376953 217.302190719875 60.350836 0 0.3061698829350156
0.28085470199585 7.506256103515621 50.670995428666295 284.065093994141 90.1644107964064 25.52908 0 0.4893498331046691
1.11861610412598 7.043670654296879 15.2684904111189 278.92364501953097 219.432375247669 203.115072 0 0.36809790952515137
0.18094158172607397 10.392395019531198 156.190700819868 281.82403564453097 91.74054280965 30.777765999999996 0 0.3147661355854385
0.726893603801727 2.2430419921875 53.8534384809951 265.626556396484 212.587731307686 35.923852000000004 0 0.3171018704091853
1.19547700881958 12.011962890625 85.15296302874751 283.65850830078097 56.717635677298404 142.10065600000001 0 0.4614945977828778
0.185795783996582 9.65237426757812 230.704566899421 294.147094726562 90.7405433179286 144.367168 0 0.37900555762414334
0.40494775772094704 6.190521240234379 18.1408147440944 279.398193359375 57.076306866850004 32.271938 0 0.4501635913839129
0.293854713439941 8.8302001953125 97.40983112201451 282.899444580078 56.727667645172794 33.053144 0 0.4363424828754834
1.0421335697174101 2.75836181640625 77.2019497668463 278.380828857422 169.647892361273 23.77241 0 0.17194516098572896
1.8941023349761998 15.685211181640598 144.04609323291598 287.004913330078 220.71160976732799 51.235508 0 0.4164853576840694
2.4128780364990203 10.6983947753906 99.67105046897949 285.945404052734 91.56266708360171 34.563908000000005 0 0.5089053743039882
2.59609174728394 10.8226928710938 75.3144966107009 287.854766845703 218.71900863185797 38.638564 0 0.4644082080954226
1.9455461502075202 8.13430786132812 23.5398197865875 293.673553466797 91.0691850410162 53.212136 0 0.36260771343859227
7.5250749588012695 18.5115356445312 125.03099005568998 299.576995849609 310.834396585837 43.134912 0 0.473432451642882
0.43171596527099604 8.52084350585938 115.87121012533599 285.399993896484 89.8533639769655 25.6672 0 0.3472666505711833
3.3664917945861803 14.7031860351562 5.204557654543059 294.279510498047 219.315766723271 60.454516000000005 0 0.11506444685478835
0.670829772949219 4.155609130859379 5.7538672202848495 291.183990478516 56.267792869979104 34.178752 0 0.26721665554023183
2.8629374504089395 10.45703125 169.247498686766 286.28753662109403 217.22191929928698 41.191584000000006 0 0.4410816193102096
5.11005210876465 15.782562255859402 22.819010332946 299.223419189453 217.246684771617 40.461335999999996 0 0.3428384179093831
2.83224964141846 10.6596374511719 366.95662140459297 298.519165039062 173.14567812992502 79.21525600000001 0 0.2415659000184427
0.180450439453125 6.330535888671879 214.338727503887 261.86553955078097 171.983040201581 24.466812 0 0.4504890019642181
4.39667701721191 15.8372192382812 98.97053417753571 296.56439208984403 219.22270984335302 39.919204 0 0.41137435995692856
2.16479396820068 10.5984802246094 13.335444070978198 284.51531982421903 176.05602578487301 36.301876 0 0.3338120114011699
5.80008983612061 14.417816162109402 174.4019924654 295.146942138672 312.524903199408 28.41177 0 0.5274403044541862
0.27999019622802696 3.13296508789062 22.862154049554 294.084014892578 90.775805435949 83.25774399999999 0 0.2857305649251942
2.50350594520569 18.1397705078125 13.1918940105472 284.193084716797 312.155092624982 41.992196 0 0.4060623819567098
0.8441367149353031 6.40643310546875 128.993388743331 283.251831054688 90.6298200986921 22.62119 0 0.32713268656987715
6.2793903350830105 10.914215087890598 11.3373590276728 291.434844970703 314.803205758442 53.579248 0 0.3797593217739596
1.07892036437988 8.06149291992188 133.816208820452 290.875244140625 174.725270670512 48.963888 0 0.44542972083170207
1.1828403472900402 10.087951660156198 22.8082860734588 284.150268554688 55.5814334225687 22.349794 0 0.4542479309759431
1.54346609115601 14.0254516601562 244.98270041848 284.58154296875 174.487429123567 54.44574 0 0.3343732628768079
6.19091892242432 11.071502685546902 5.32776119995017 299.53192138671903 217.479608599535 40.747248 0 0.17874654075330182
3.64741086959839 16.5642395019531 38.846189243897705 295.828094482422 217.82305828094601 198.609984 0 0.34028079931490623
6.74023532867432 15.1817016601562 36.8600148856654 300.683349609375 264.000122450431 42.612732 0 0.4587297443823062
0.20835351943969702 2.7918701171875 98.7240801546678 280.200531005859 88.4747913621029 74.650136 0 0.088692639725105
1.9521720409393302 8.45443725585938 195.44946432747102 279.461669921875 308.842677089225 26.582998 0 0.5188622377028895
6.15547275543213 14.498199462890598 42.414763189077505 300.64239501953097 263.554115004486 30.780921999999997 0 0.4530058419038437
7.19820785522461 14.584686279296902 8.787906037314 300.768157958984 262.68399051985 42.92112 0 0.2999238176528973
1.2882728576660198 3.1651611328125 11.673904608871501 287.080841064453 131.339994412653 35.529508 0 0.3234103993245066
1.11547422409058 9.9083251953125 161.270082625186 274.820190429688 167.823020708351 84.691352 0 0.4314832999488557
7.03702449798584 13.5838623046875 19.8170132011988 297.007171630859 221.27814190992802 39.893056 0 0.4094933612937747
1.09038734436035 3.86334228515625 12.689375077088801 282.54010009765597 126.54260276448099 36.028984 0 0.3430019120090278
5.6643562316894505 11.800018310546902 47.7976618275881 299.162811279297 263.406249255999 43.755435999999996 0 0.4650833202416151
1.03719902038574 9.2989501953125 80.3123843359643 281.40472412109403 90.79824558752009 16.692479000000002 0 0.488938135649865
5.53533172607422 15.236572265625 20.8911165779495 298.559173583984 264.559865430485 37.181104 0 0.37087455091625576
5.934185028076169 17.3560791015625 106.55169356977801 296.674652099609 263.619646585265 30.5149 0 0.5116417980561234
0.110607147216797 5.362640380859379 44.283501660633405 288.701324462891 56.136945337619 41.291512 0 0.4893746793658872
1.43336892127991 11.080596923828098 154.381773807614 279.195831298828 212.491835531371 38.304292 0 0.4951112063146459
3.06064224243164 9.95361328125 11.7863369949226 300.925170898438 169.82105869108 39.82846 0 0.25150911725062897
0.462826728820801 10.9802856445312 77.52371888643759 278.377471923828 130.437653095735 41.198844 0 0.467044396212593
3.0125141143798797 11.167022705078098 48.700540099289206 296.806121826172 218.737769735365 26.286434000000003 0 0.431811060208428
7.8979806900024405 18.3267822265625 228.937381226292 300.227325439453 310.09058030556304 29.375096000000003 0 0.4270871967024562
1.0218307971954301 11.389312744140598 125.20497874401501 273.57830810546903 92.62352772669429 32.604138 0 0.5548814091397141
5.026610374450679 16.0223388671875 52.8102644784425 299.778167724609 218.521101736321 40.557592 0 0.4108081326058087
0.44003915786743203 2.35302734375 102.64670217430799 272.929077148438 172.586904251945 35.142272 0 0.10477330485527803
0.8949635028839108 5.57403564453125 46.0037330101964 273.10992431640597 126.82386743031 34.239204 0 0.4853608881388177
6.2795114517211905 15.65283203125 47.5320327006474 299.130157470703 264.352795574199 42.537224 0 0.4769308675422537
0.81673002243042 9.7451171875 86.7218956422334 280.663726806641 125.354078197196 72.612344 0 0.4312678121279729
2.39220905303955 14.887298583984402 27.6710693725455 292.53143310546903 173.665763499873 37.758356 0 0.3530394532632038
0.301206588745117 11.168487548828098 145.078180794888 286.54962158203097 91.10921288776849 24.327862 0 0.2430531334683394
2.06788969039917 11.493988037109402 349.52721111252197 281.433624267578 216.944308665517 56.282284 0 0.3321218441286751
2.61409997940063 14.123321533203098 9.770144931241289 287.767364501953 220.345551401769 38.410047999999996 0 0.2546178468944813
1.13853359222412 20.0141296386719 118.544775046607 279.481567382812 263.302449175918 49.23196 0 0.40307837083315945
2.4559674263000497 12.977081298828098 242.239365781851 280.454833984375 255.6551730824 32.423924 0 0.4587165644604898
3.15273475646973 10.1062316894531 11.0576754601864 294.197540283203 173.95215889401902 38.348436 0 0.2669299970131829
4.09145450592041 20.9763488769531 147.655121361798 295.701751708984 309.310553237416 44.631640000000004 0 0.3903472790544095
0.668691635131836 8.6427001953125 102.26406959247 286.96392822265597 90.969592018925 49.041115999999995 0 0.5026339664830692
1.70609378814697 13.255859375 13.612714563495901 284.85589599609403 177.220075458997 36.159012 0 0.3224478366419365
2.53763294219971 14.4375 37.066221616594795 292.367309570312 175.76181714480202 24.507638 0 0.39560784113888464
4.85745906829834 14.600189208984402 62.9472706344178 299.222412109375 217.88651664924598 39.585692 0 0.4203893699329685
0.5375423431396479 4.07183837890625 13.1850704471229 298.02569580078097 90.6819275875953 36.304491999999996 0 0.30546130594091203
0.766130447387695 4.08087158203125 216.649749614554 279.62811279296903 169.510339891277 23.894472 0 0.2347430805101794
1.05480003356934 3.80123901367188 6.55249919351334 301.719360351562 89.1348835961101 36.961544 0 0.20860053899721853
1.7147760391235398 10.860595703125 194.45353620207501 285.110748291016 219.324939968563 354.85776 0 0.31212364287801586
2.4390263557434104 5.936004638671879 106.950530576991 282.014434814453 170.783060353339 36.165784 0 0.4745172203339725
8.36878108978271 25.5165710449219 62.258186697121 295.769195556641 311.68357443620096 96.714288 0 0.5004619813308339
1.02983999252319 11.1904296875 180.688874031701 278.291839599609 171.208142303551 61.172343999999995 0 0.4651152448144232
0.856965065002441 5.685394287109379 84.0969064902925 279.076293945312 128.493220482828 63.152576 0 0.42543933961478936
0.880481719970703 7.60302734375 26.6321642076034 275.551147460938 133.52344016561702 22.126014 0 0.4371223506631871
6.50433444976807 15.3648071289062 20.904876775591198 300.50830078125 263.456372541442 42.83032 0 0.3764214391563636
1.07403564453125 10.7772827148438 69.4372347177217 272.931640625 216.47645040800302 43.497332 0 0.5191038426538042
6.3327922821044895 15.502716064453098 26.212804083182398 298.590118408203 262.880293730339 42.088516 0 0.4431261325270995
5.0745382308960005 15.2596435546875 127.58321881604799 298.711029052734 264.058454608963 31.15519 0 0.4332751531669276
0.890827178955078 12.1331176757812 112.756756970077 276.193206787109 167.19492497568 27.596874 0 0.5154162400180211
2.1119194030761697 12.488067626953098 153.535711674775 295.20831298828097 173.16408971209302 52.324868 0 0.3880408650858719
3.53714466094971 11.5980224609375 76.5103957820175 294.707275390625 172.076603667198 37.626348 0 0.4556721893520694
3.07419490814209 17.2291564941406 47.5150121766293 291.6904296875 266.305416278573 40.775292 0 0.4337888013677192
1.2416386604309098 13.4629516601562 71.723956522105 288.95556640625 175.88927291103298 24.15728 0 0.45975841820904606
0.34971320629119895 4.771240234375 138.12368229478702 268.754028320312 167.079387459858 35.345667999999996 0 0.4489779927571569
7.39460802078247 11.656951904296902 4.98730946634526 294.653350830078 220.138262753055 39.712968 0 0.27581953687329
1.9182982444763201 9.708984375 182.58166431173902 282.945922851562 170.389440251828 47.352576 0 0.44565078827289706
5.3546314239502 12.732513427734402 17.898348133366397 298.635467529297 264.471961131226 42.136055999999996 0 0.35204261252195496
0.0795769691467285 2.68423461914062 32.8445014362715 278.50830078125 56.1250808866897 51.858128 0 0.3273076214015961
1.12848806381226 4.115020751953121 40.5634392916338 274.32513427734403 126.087619875723 22.937344 0 0.4713132358986469
0.923654079437256 11.7722778320312 236.872346004105 286.331329345703 175.034051447799 81.50147199999999 0 0.3829157554934293
0.0116829872131348 7.377685546875 86.7248057713484 277.677581787109 56.3033105018565 149.280448 0 0.38253697157324107
2.5596590042114302 13.6981811523438 35.639574573725604 296.21783447265597 173.708357944275 38.308735999999996 0 0.3582480004630734
1.89871692657471 6.348236083984379 19.9877650765115 288.803680419922 218.243368357622 38.799608 0 0.3629969220744709
0.8325881958007809 10.662109375 71.3038216408628 273.578125 90.55296215971241 33.203765999999995 0 0.5457396967136073
1.84649848937988 14.217864990234402 131.618034982483 276.673370361328 261.51088258105204 31.35277 0 0.6278981730656231
3.61533832550049 13.177459716796902 28.4140447814492 298.44061279296903 174.718912762132 47.910488 0 0.3588463303067416
0.968409538269043 10.064270019531198 27.2259980368498 293.12713623046903 91.38216682055241 86.5696 0 0.3553016739501245
5.53427600860596 13.887176513671902 10.866525826587301 296.675445556641 266.341195299733 13.431251999999999 0 0.34612131442376304
0.380467891693115 6.41986083984375 23.049244183604802 277.34637451171903 56.016926214407704 32.511062 0 0.4936095341544615
2.6884117126464804 6.136810302734379 5.15037920222789 294.295532226562 131.221642333025 188.84796799999998 0 0.18907266437305734
1.4570407867431598 10.5807189941406 4.46152871436947 296.3203125 128.966022218834 64.550156 0 0.15243201348368854
4.414244651794429 21.6882629394531 184.152462960611 296.70904541015597 262.85896013494596 123.278488 0 0.3337595274224968
0.6826553344726559 3.46392822265625 17.5518067555024 299.473266601562 90.7567620534507 85.635688 0 0.3005951430588579
3.39670944213867 11.002410888671902 32.8632541534209 299.052703857422 172.091137727159 129.30532 0 0.34800398045987385
5.67518711090088 10.774383544921902 6.076702525630269 301.323272705078 217.366253137836 81.515152 0 0.17018337082534304
0.5756635665893549 7.7537841796875 70.9597729638039 264.625244140625 217.102606697079 23.117058 0 0.5766226217889411
7.34472942352295 18.5491943359375 58.6774795853417 298.79327392578097 311.181183206407 28.911926 0 0.5471453264841022
0.288220524787903 3.13421630859375 153.52911502652 270.65374755859403 214.622704382454 29.109841999999997 0 0.18296987916418325
6.079951286315921 14.6751708984375 120.67597538611601 302.256591796875 263.36946612414397 75.24095200000001 0 0.3876768248561591
0.304862976074219 5.61260986328125 279.573236472608 299.155914306641 89.37662434649691 101.509736 0 0.20587705293614764
6.40891170501709 15.882049560546902 93.66572216447192 300.49169921875 264.769271011567 77.55135200000001 0 0.4107503240044009
2.06750106811523 5.70745849609375 43.8069216655655 286.167266845703 172.18036661255798 38.760712 0 0.446450227730264
1.21106576919556 12.057098388671902 139.876595880317 275.32269287109403 254.680535206021 25.671418 0 0.5344918093943398
2.0220932960510303 10.900054931640598 113.41700874753599 283.77642822265597 220.179388952596 37.880676 0 0.4791944415869365
1.64638650417328 12.7357788085938 145.548866394136 271.378051757812 221.719358496652 26.291804 0 0.6679452484776037
1.37210607528687 11.028564453125 43.093038034395896 285.877471923828 175.618294737733 45.779171999999996 0 0.4168791593084095
2.4579439163208 13.156036376953098 123.58913421059299 291.083831787109 91.3901589127437 35.216324 0 0.4300149290392155
8.54359531402588 15.4033203125 75.7068806568069 300.085113525391 310.594171404703 29.140056 0 0.5370262920798067
2.43167066574097 10.4397888183594 230.270262672559 286.785400390625 213.626496334293 106.188704 0 0.3933036450099224
2.03843927383423 13.621246337890598 226.01863827351102 281.174713134766 220.210228937196 28.712764 0 0.3632125423166477
0.715914011001587 11.800384521484402 25.395751390171398 271.66119384765597 129.982094474622 22.318826 0 0.4397239614653625
1.3210260868072499 8.57806396484375 106.228181789956 275.14794921875 215.69454852647 37.048608 0 0.5266623042244057
1.1351280212402302 11.152862548828098 317.49479705753 285.185150146484 215.82796874302898 64.8499 0 0.3031453771278327
3.3683609962463397 20.3133850097656 403.48501678040606 285.192626953125 260.354972347352 33.545576000000004 0 0.3523883767555088
5.9379243850708 14.8129272460938 61.647957979536 300.40435791015597 263.703421604076 42.951564000000005 0 0.430659009444244
6.35270214080811 15.6149291992188 76.4482629068271 298.904266357422 264.08521059911 46.412028 0 0.4702327826346214
1.25070238113403 8.8577880859375 81.302351818044 277.087615966797 171.03326489113502 27.608211999999998 0 0.5109044497143248
1.2002558708190902 10.7143249511719 123.40883952696501 290.94549560546903 173.54848960383498 37.527432 0 0.4559425329961458
2.36662578582764 12.496337890625 125.190856363861 281.89471435546903 214.32818944207 59.445168 0 0.4525127895410041
5.9141750335693395 15.2839965820312 59.3683231895796 301.79705810546903 263.07186552300897 30.920388 0 0.4334273083859256
5.785845756530759 15.3670654296875 6.89495851118972 297.958526611328 265.221919967267 42.716936 0 0.26122146111629685
2.36249804496765 10.2036437988281 145.58986782155398 280.60009765625 215.244638060998 65.290696 0 0.4891741399696097
0.757207036018372 9.669189453125 45.478627286977606 274.89599609375 215.55279196387002 37.031924 0 0.4786633332813469
1.09238147735596 9.61691284179688 33.0794003269624 292.406005859375 91.18359902238251 47.732136 0 0.3805120860562987
1.00475549697876 6.45458984375 204.541418155293 275.34039306640597 171.637031059807 23.389286 0 0.3733614240723613
2.56279754638672 15.470489501953098 336.887883693515 293.199340820312 258.84837343771704 71.005696 0 0.2724386452340745
0.21591353416442896 7.955596923828121 335.747896370567 273.251800537109 167.531728492794 68.452832 0 0.34736699492083234
0.9019136428833009 15.4649047851562 163.667446831126 285.66192626953097 177.083640450437 36.205348 0 0.3577525459899515
0.5622019767761229 15.143646240234402 120.16670389848301 276.931488037109 172.863076886972 36.018696000000006 0 0.4683465645628272
0.189911842346191 9.621826171875 89.43710193814279 286.592803955078 56.466515774928 33.532498 0 0.4359779941797915
8.48156833648682 10.2505187988281 12.6815087002645 301.348236083984 216.642738959067 41.078264000000004 0 0.3189863294693001
3.6873607635498 13.4051513671875 20.0007489845814 296.18951416015597 173.054445413204 89.634472 0 0.3261632394013565
2.52987575531006 9.899169921875 14.8476908744396 293.773193359375 131.452156288676 35.87862 0 0.3036105687911279
1.7794909477233898 15.4212036132812 280.704011451555 282.541839599609 170.226921790019 39.792364 0 0.282220916374514
1.31742715835571 15.0018310546875 177.430709656816 285.661163330078 219.580662923651 67.417448 0 0.35399041967701245
1.0503468513488798 8.90066528320312 112.494638595022 284.66357421875 90.88028229246879 22.780202 0 0.3618552715460352
0.7446385622024541 8.70245361328125 248.635802550407 274.541046142578 254.39309018830602 28.083864000000002 0 0.4130111401338717
0.49048995971679704 21.86328125 184.340321930441 277.933471679688 257.225837523172 31.683412 0 0.3792137782572351
0.31143236160278304 8.06790161132812 119.01912898972 274.058380126953 131.179077535488 33.927147999999995 0 0.5202774253182665
5.48099422454834 17.6227416992188 26.4002095991987 295.52081298828097 263.515037990849 27.690912 0 0.4757472538480729
1.47273659706116 21.9004211425781 103.228690412001 276.954223632812 311.549365563308 38.394252 0 0.5078072175905239
6.607455253601071 14.237152099609402 19.4284628267204 302.400054931641 215.637955412108 45.14614 0 0.329680141921996
4.956642150878911 8.66644287109375 31.704265554608696 299.34619140625 172.104761179128 39.201088 0 0.38523506252718825
0.18640995025634802 1.66357421875 4.57738786110291 282.181060791016 92.0501246066904 33.705424 0 0.2771037522547921
0.8729145526885991 6.642608642578121 99.3148307381641 274.57977294921903 170.31389346472 35.708276 0 0.497586617929926
2.3049948215484597 4.444427490234379 30.140878941619395 286.467529296875 222.14359492544 43.262956 0 0.4489252033522674
3.2353672981262203 14.587890625 35.134039346358 289.925170898438 219.85331195958 38.900104 0 0.4308015139549085
0.655171632766724 1.68157958984375 4.1357946908804 280.824584960938 127.807740425639 35.209315999999994 0 0.2323712183348634
0.24487590789794897 12.519012451171902 101.96724789957199 291.623382568359 90.5601316988835 35.28668 0 0.4736404561371486
7.4048757553100595 14.2932739257812 61.2796370898351 299.356109619141 263.87724554873404 42.24626 0 0.5525599069429207
2.04007434844971 13.495635986328098 225.186679964577 291.83251953125 172.615132208551 160.58580800000001 0 0.3349664951284376
4.08322811126709 15.65869140625 136.519946458458 296.990081787109 218.350965903355 29.198476 0 0.3728488116757501
3.5377235412597696 12.49267578125 4.66469325361559 293.05810546875 129.813763478478 81.38576 0 0.16213875218386775
6.13391304016113 14.562713623046902 36.420833482174004 301.341430664062 262.698443971993 42.890712 0 0.4160603573352767
0.655401706695557 17.7478637695312 142.114965886441 274.984344482422 171.911584694148 32.628634000000005 0 0.4598838365840166
6.51182651519775 14.9473876953125 25.1286626711092 299.131988525391 264.748054710813 42.514628 0 0.4397374077033671
0.25192832946777305 4.955413818359379 6.89559546446316 296.58221435546903 56.274378538384894 43.942356 0 0.27329247679934243
6.68020153045654 17.6134948730469 11.804425365764 300.326293945312 263.710742062743 42.610347999999995 0 0.30371414608950226
4.81940650939941 10.3223571777344 14.3516995941405 299.75274658203097 217.82197590573102 40.828232 0 0.2848258968849627
2.13992762565613 13.759796142578098 89.0118995065193 274.84893798828097 253.275409062913 25.771462 0 0.6447594253240166
0.614053726196289 4.462158203125 10.2756698967243 287.58013916015597 56.238999148964005 33.793479999999995 0 0.3592921263028592
1.7233381271362298 21.588073730468803 225.314110431576 279.042572021484 313.986643467646 311.101888 0 0.40992419418325393
5.4999885559082005 10.1978454589844 41.87509064035179 302.628173828125 215.650221897012 41.451764000000004 0 0.3971242355089238
0.528485298156738 14.2921752929688 170.019197170895 285.526336669922 176.88133224197898 36.242771999999995 0 0.3462712725914461
0.7930812835693359 7.6646728515625 37.179546475941 287.25018310546903 90.8771794527536 34.601356 0 0.4169703433313885
1.3612737655639602 11.113128662109402 8.307736094332679 295.587188720703 173.81151478836398 149.277136 0 0.21217905979249616
0.9952595233917241 5.631103515625 93.6348625885874 272.966217041016 171.455509890322 35.317424 0 0.5145979811280759
0.0722652673721313 3.64959716796875 78.4118209534486 267.711303710938 128.418531405042 33.485044 0 0.3744957962200805
5.36443138122559 14.046783447265598 64.09322474954479 299.991180419922 264.395704276993 42.663432 0 0.4305062145364757
5.59211540222168 14.1165771484375 72.7114749554502 297.46136474609403 218.08152880643001 187.80758400000002 0 0.3827215125246153
2.72407913208008 17.3170776367188 147.383404039083 285.685546875 312.931170999968 30.514682 0 0.5534449037787571
0.636585235595703 12.863311767578098 125.69958455782101 295.76116943359403 90.82406603850309 136.094128 0 0.3696529942300765
1.4932699203491202 6.409912109375 113.30177955902201 292.376190185547 174.397376412706 37.610347999999995 0 0.4353173164672753
1.0267124176025402 4.51507568359375 176.58512482631699 298.918334960938 129.917626603836 98.478376 0 0.12046375472043636
4.4488697052002 13.59716796875 96.69099398598871 298.674652099609 267.316776488494 41.941332 0 0.4059475272564172
0.8893947601318359 4.48028564453125 28.4340921651402 281.890350341797 171.19124984836202 36.512192 0 0.4061850144587205
1.44270038604736 8.10629272460938 139.446330824645 300.02435302734403 90.77097978162121 50.241984 0 0.388892121147064
1.1408150196075402 15.7836303710938 268.330231597676 275.794403076172 258.376791628773 30.521706 0 0.3778612521897476
1.4641342163085902 9.7003173828125 66.5682690860958 285.89996337890597 132.12847288944 35.374284 0 0.4531291445586952
4.72178554534912 21.3999938964844 198.23770876241798 296.31243896484403 309.938130960749 31.553232 0 0.4088712353680649
3.10553026199341 10.788238525390598 292.037037225271 286.888092041016 221.462624923251 29.098682 0 0.3254229042468043
1.4241633415222201 9.90695190429688 213.618793039182 281.208404541016 166.105884471743 54.794952 0 0.4180717407666189
0.8553535938262941 4.191253662109379 112.894537562808 277.336517333984 125.33639017433501 25.326112 0 0.3901236848123408
0.888947486877441 9.22311401367188 176.00891938804799 285.654266357422 127.047515150194 27.204826 0 0.28111770227995475
4.9676218032836905 10.168151855468802 16.364666255983302 298.587493896484 219.247916695648 40.273832 0 0.3198485643152348
6.1089153289794895 13.7345581054688 51.72052213542379 300.22308349609403 263.889105724902 42.584108 0 0.4527777266064479
0.16307234764099102 3.450439453125 64.6632174463463 275.244384765625 87.3880211939596 33.96832 0 0.447761968941734
1.76975870132446 12.9544067382812 288.71128831101396 283.66448974609403 214.306513838662 30.368223999999998 0 0.30279325775320765
2.09250354766846 4.57867431640625 11.0769162378865 300.12738037109403 173.44702989380698 344.062144 0 0.2748099631620568
5.5110912322998 13.250946044921902 26.5275346472325 298.677276611328 219.29494217743 40.218652 0 0.3779209493234895
1.21471118927002 5.244476318359379 105.900958669991 277.511627197266 171.04405816220802 35.965416 0 0.4537506116468977
1.3146448135376 3.6251220703125 5.92687291454785 289.238891601562 91.65070514915578 34.690936 0 0.23588115761222797
0.0561039447784424 2.16207885742188 40.1653367462513 273.718658447266 91.2700260910561 70.716032 0 0.0728982720104928
3.10186862945557 7.6507568359375 12.8973172650986 301.91400146484403 171.99674050386102 39.564912 0 0.2658958734349128
0.8470872640609741 6.898712158203121 62.380035772592294 269.957275390625 128.115644440554 22.699346 0 0.5395061903238059
0.164065837860107 8.9833984375 163.085396929746 284.077270507812 92.44759695875419 196.18979199999998 0 0.4183478267609992
0.407455444335938 9.461669921875 141.224179006755 278.247528076172 131.232099456611 34.557004 0 0.4749916591846896
0.900534629821777 4.703704833984379 11.9849582433885 277.257049560547 125.292496617909 35.563103999999996 0 0.3511914788540613
0.463623046875 14.2200927734375 152.25555740887899 286.619018554688 131.537127964661 49.370544 0 0.4382066745574996
0.39317226409912104 12.249847412109402 104.678026777652 284.183380126953 174.61170648413102 324.389056 0 0.2677123465397893
2.10076642036438 10.560729980468802 36.878412534372295 280.730682373047 216.175039972677 24.890394 0 0.4970097453300785
0.635323524475098 9.36529541015625 95.7122003887837 288.119750976562 92.46423262521921 34.316628 0 0.5161768861323339
0.0543797016143799 3.38595581054688 74.25400620612241 268.66375732421903 54.5146262616331 22.634798 0 0.3310392452477015
0.332049369812012 8.96249389648438 14.1316572014675 294.628784179688 55.7293260328498 122.38524 0 0.3273499646380192
0.284505844116211 7.806304931640621 63.7954128288924 289.763153076172 56.56246364956821 33.920120000000004 0 0.5177352954302087
0.244483947753906 17.7239990234375 104.055880076093 289.534393310547 56.9728531382355 34.043492 0 0.35282347982267165
0.8912034034729001 9.31143188476562 44.479449939091204 284.556121826172 175.76230802510503 37.773720000000004 0 0.4193632729632163
2.7703800201416002 12.86328125 63.177430620592006 296.632171630859 173.660763166088 72.059024 0 0.3854021231253599
4.02371501922607 9.76522827148438 39.1319043358352 301.49163818359403 218.647033078745 40.805836 0 0.3843019768708837
7.43232727050781 17.0537109375 67.1501734774335 301.940826416016 263.171194080767 196.246096 0 0.4072495523422667
0.767919301986694 3.58258056640625 4.0758659660807695 277.474884033203 131.547225420257 34.273404 0 0.2011112268860196
0.8477120399475101 8.44674682617188 81.5509164105392 277.169281005859 128.586597022677 34.403816 0 0.5133965818135
7.21591567993164 16.0663452148438 39.9248859159306 300.586578369141 262.880924994053 42.772872 0 0.4718960470396646
4.53611946105957 7.118988037109379 12.543131329110201 296.13031005859403 174.15112822793702 38.336676000000004 0 0.2968723859484988
0.147028923034668 2.71011352539062 44.2197273837619 276.499176025391 55.669542619226206 34.962888 0 0.4054388401412097
1.48125815391541 5.765625 110.720695856311 279.12738037109403 166.250676151646 29.032192 0 0.5051372498834162
6.8347063064575195 18.9147033691406 58.184921141131106 299.389282226562 309.67120376339903 44.157592 0 0.5310380138085573
0.963761329650879 3.45504760742188 64.6902977917611 278.866943359375 127.461510904056 35.27198 0 0.3004273527885165
0.6463947296142579 16.8275146484375 42.1684718709824 284.93914794921903 55.894823648171 48.549352 0 0.4781686410649176
1.84129524230957 9.70794677734375 118.118244109394 282.68829345703097 170.587200084529 54.939283999999994 0 0.4831651726156569
1.53906106948853 18.3947143554688 24.7331575112372 291.316253662109 220.020669264187 38.852992 0 0.3068020920062492
2.0600163936615 12.151031494140598 30.4690445875151 279.51123046875 220.30448296180802 67.29948 0 0.4878005271683007
2.22976684570312 12.9884643554688 4.959489656540559 286.438323974609 175.123483989115 36.668704 0 0.16828886852416594
5.20731449127197 12.7589111328125 12.1485755936661 298.711151123047 219.841837192244 40.223484 0 0.2636007654967089
6.1840524673461905 15.6751708984375 58.9083957790779 302.39593505859403 261.921617362602 43.294332 0 0.4123225373595201
7.07961654663086 18.7153015136719 122.38240202667 298.22039794921903 310.368293485475 29.217894 0 0.5267636797860841
2.057785987854 11.6739501953125 81.10746813730358 279.024291992188 251.18141838008998 32.097266 0 0.5976301659196465
0.567916393280029 7.047454833984379 83.3596676125897 265.129760742188 169.859853669938 22.632262 0 0.5685192175779898
1.2873425483703602 15.605560302734402 83.4785294798922 274.818328857422 213.099036718376 52.737716000000006 0 0.4889581513170762
0.285077095031738 8.53155517578125 103.109884444808 289.32843017578097 56.043357717079104 34.063212 0 0.38390491080562
2.98068141937256 7.868560791015621 32.9770185260381 298.988311767578 128.521405539082 117.1074 0 0.3478678296263772
4.27730798721313 12.277923583984402 16.6380248878381 291.102264404297 220.23138675365502 80.68796 0 0.3777246676391911
8.76827239990234 17.7346496582031 114.949969577518 299.47576904296903 311.501126835532 32.121478 0 0.515432460622261
0.0861959457397461 16.0224304199219 73.62754881760209 288.265625 56.2167519583653 34.061388 0 0.4670167762089156
3.01664137840271 16.6380004882812 234.894544890475 282.164031982422 257.621525861384 86.682872 0 0.45534214907690396
6.52834510803223 16.7712707519531 6.434348199436001 298.760894775391 264.676759477882 42.152404 0 0.2997173089634554
3.8271460533142103 19.9583740234375 283.578883760345 284.40380859375 311.839650845897 49.936528 0 0.462170040118552
0.0994675159454346 1.5229187011718797 31.731295431894804 271.957855224609 88.5565295300076 99.906944 0 0.06517447429006035
1.92625570297241 14.3651733398438 210.88230450980598 282.83428955078097 209.981681805482 37.455852 0 0.3814238226302072
0.607874870300293 8.1300048828125 145.368093169987 268.438110351562 165.660531813591 27.195567999999998 0 0.5639019713889808
0.7648892402648929 13.959381103515598 152.771531049202 283.32403564453097 129.696949988802 23.428478 0 0.3052289481854929
2.48995065689087 20.0434875488281 273.246964459761 278.256591796875 267.279461830449 43.008179999999996 0 0.4743117159399018
3.3020694255828897 8.24124145507812 156.46609640013398 285.15069580078097 311.50635882515303 41.592724 0 0.42847777778446267
5.10245227813721 18.0140075683594 43.3809134497824 298.642974853516 217.39081510157902 40.641764 0 0.407876216116601
0.471283435821533 1.49444580078125 87.018711891488 256.876678466797 90.3503157649752 15.040982000000001 0 0.3014490654575875
7.029827117919919 17.3260803222656 9.70122368738671 301.409942626953 263.477681510425 42.609124 0 0.28013783417226484
4.11434459686279 15.4165649414062 159.12552569938 289.547271728516 259.152685342893 32.178746000000004 0 0.4913578649555238
0.329652070999146 2.840576171875 30.5703498478837 273.80194091796903 129.207751720446 34.14994 0 0.3632748845024473
1.4048395156860398 9.68011474609375 128.461848611668 280.405914306641 167.073343667747 27.15127 0 0.4909206611731559
0.11329841613769502 5.7364501953125 82.0266481752108 285.039672851562 56.54082458528689 33.5803 0 0.4827496551333815
0.22745037078857397 8.5396728515625 55.183179909193896 292.29949951171903 90.5976528970359 49.931052 0 0.4438499449887856
1.42569446563721 15.1478271484375 185.127123407343 287.383392333984 174.668656336086 28.634473999999997 0 0.3058953135143042
3.3024640083313 11.9301147460938 31.8059980516827 289.450531005859 176.136252257482 56.669180000000004 0 0.4097921785356203
5.899104118347171 15.150054931640598 95.46343051979929 298.817993164062 263.656313758704 33.9854 0 0.470004997375514
7.2698249816894505 16.6499938964844 16.628767011884 297.66064453125 264.529873370877 42.393304 0 0.4254273814840492
1.68373250961304 10.00732421875 13.283925788982 286.101318359375 132.693903351412 97.068848 0 0.3130882106950211
6.6657819747924805 16.7669677734375 50.332030338793004 299.296630859375 311.707059475901 29.098442 0 0.5441902835825084
0.0370464324951172 6.8326416015625 75.1016602170098 284.920288085938 56.8495635195191 52.83656800000001 0 0.5077404405245389
0.953686237335205 4.39044189453125 46.1306597674358 282.753570556641 131.924665709881 34.870036 0 0.4285890287296912
0.7454833984375 15.4932861328125 236.14830922129602 276.135833740234 169.029099164634 35.394292 0 0.33701629327932764
3.003098487854 10.3392639160156 5.91589444362545 294.577789306641 174.64043628984902 37.980332000000004 0 0.1741137924329832
2.02567481994629 12.5557250976562 252.83305184425203 284.12640380859403 218.5512213472 29.052134000000002 0 0.3034122917315929
0.792500257492065 5.191619873046879 279.35188423139704 277.010650634766 211.46936867914397 29.325738 0 0.2876084819957852
0.41786003112792997 7.20782470703125 71.375854521299 275.012725830078 130.312493998604 93.89 0 0.4288532719465756
1.55831336975098 11.23388671875 106.58264895952298 294.513214111328 90.7670606732299 44.968708 0 0.4649292691548699
2.2142515182495095 11.7999267578125 66.15620296627499 297.177764892578 172.72377442532502 282.931008 0 0.34179512626746755
5.9269084930419895 14.705718994140598 51.2376339795746 300.060150146484 263.647665552557 107.151032 0 0.4221958238270769
2.2634639739990203 9.12472534179688 149.176446501355 296.72039794921903 130.563152456103 129.34741599999998 0 0.3742010508712994
3.17384147644043 8.30160522460938 7.120973215883209 299.433990478516 172.326085198446 39.12272 0 0.1935270577603228
6.51899719238281 19.8123474121094 337.892191729954 296.551971435547 308.932763719095 59.5342 0 0.38525373070249824
6.047986030578611 17.1675720214844 151.615865654345 299.761260986328 262.353899468382 43.005736 0 0.4262862481277895
0.784638404846191 11.267364501953098 101.421450083216 274.84088134765597 216.491169434048 24.203974 0 0.5144755346726584
0.809556245803833 10.072998046875 218.31012045841098 280.794189453125 213.91627426588502 330.75494399999997 0 0.34330258054416496
1.3869907855987502 8.72640991210938 104.652524885474 275.862030029297 207.00860048756002 38.1596 0 0.5105450261343351
5.57113265991211 12.030029296875 43.7208756648238 290.052459716797 269.262914219928 40.286728000000004 0 0.5486939556840258
2.3532817363739 17.9718017578125 60.4672172865571 287.167694091797 266.548885147466 39.79718 0 0.4512211561954325
1.4295158386230502 9.3455810546875 74.0453501729132 279.13519287109403 212.042621317182 38.299071999999995 0 0.5036933434857728
3.2027034759521498 12.901947021484402 179.128382582135 293.303558349609 216.07956863599998 41.046952000000005 0 0.385286248323249
0.515428066253662 8.07415771484375 302.372372167472 278.353607177734 167.90875754035 46.800956 0 0.2957177316913468
0.097236156463623 5.24395751953125 68.749621302695 281.67669677734403 56.4290169127193 32.992554 0 0.491038597552689
0.151440143585205 9.642822265625 79.3576061642101 277.681365966797 56.46825071793679 32.49828 0 0.4697000233617308
1.6539797782897903 3.80258178710938 27.4266065459827 282.18994140625 125.10605858621 19.636872 0 0.4146445532827023
5.66452503204346 11.5753173828125 13.2520028577226 299.71588134765597 218.48621682013 40.62296 0 0.2805194781860033
1.63783025741577 11.317474365234402 137.216099778167 279.18798828125 264.882193146257 45.728103999999995 0 0.4542416740938399
3.1987104415893595 11.5858764648438 120.44602154152399 283.64776611328097 223.97008728118598 24.55723 0 0.5770431338150799
1.6377158164978 15.322784423828098 371.346549874617 280.385131835938 219.586004180755 60.216912 0 0.30613278555885537
2.93299436569214 11.382598876953098 98.9299843418948 286.64361572265597 266.91151734351797 28.779992 0 0.5152937727416794
0.8527351617813109 3.89239501953125 81.4060622079359 272.805999755859 166.292974303992 23.560464 0 0.4769972968382532
0.0450811386108398 3.32345581054688 13.438428916961902 290.190032958984 56.4246164070872 59.241504000000006 0 0.3807517125429847
2.11167812347412 6.713531494140621 65.236216670991 284.26336669921903 167.71155422593299 37.677492 0 0.4746801976390337
0.112811088562012 11.337799072265598 237.554891960244 283.579864501953 90.8333919504308 72.663296 0 0.35314451724653084
1.3529040813446 6.0244140625 144.09488959701798 281.77880859375 168.094517181264 35.56576 0 0.4385482852175649
3.1751918792724596 9.62310791015625 62.9462171019583 297.40167236328097 173.183209052479 128.777024 0 0.3744858023806645
5.25256824493408 14.3034057617188 11.1867090144646 299.65545654296903 217.621625537478 40.96054 0 0.24662251862623444
3.69810962677002 19.2950134277344 25.5441226615018 293.856323242188 217.696195361506 39.5546 0 0.35664780802969337
5.13401126861572 14.2157592773438 314.167851367941 299.437744140625 214.931793322694 132.268056 0 0.3749910320532124
0.0676193237304688 4.851043701171879 15.6950833336426 287.81646728515597 91.87904909813308 124.82291200000002 0 0.32937806846924905
0.0907840728759766 6.30987548828125 140.778958689944 264.77191162109403 89.4869860619532 21.176061999999998 0 0.4327146544938649
7.94807910919189 16.6856079101562 30.5081325199862 297.000946044922 310.926204055853 28.675503999999997 0 0.5083886070136377
0.529946327209473 11.133087158203098 88.29699702645121 284.364837646484 57.3043939199822 33.166764 0 0.4781533134352668
0.550625801086426 10.2842712402344 37.6530285174509 290.61334228515597 92.15478861898559 34.91518 0 0.4141193098319863
2.5460596084594704 10.7700805664062 111.86870518601499 290.129852294922 174.108097789722 25.473594 0 0.4572009035911469
3.04594087600708 14.094207763671902 151.492432700669 278.948516845703 220.498082794116 24.315912 0 0.604977163361316
0.0897665023803711 13.154296875 54.5259786489995 290.477294921875 56.4135092561442 34.143423999999996 0 0.4771412588343491
0.19430923461914104 11.8255004882812 86.3075176510987 296.670196533203 50.388033530274804 43.542372 0 0.39261731758046975
0.398098945617676 3.02215576171875 4.73848743508118 295.971771240234 56.1575586911106 35.05088 0 0.2319476332241989
1.50022029876709 7.691375732421879 14.080609014545301 284.931762695312 132.506613565505 34.967176 0 0.34094732400754424
2.9505729675293 8.88510131835938 179.334837634841 297.846527099609 172.52719056262902 101.3168 0 0.3635940903215513
0.648998022079468 9.0316162109375 171.26884631639 273.493774414062 168.541891622278 42.441392 0 0.5170258259840819
2.28812980651855 13.359222412109402 14.2288962408229 291.838989257812 174.725231029739 43.659172 0 0.29355253920645275
2.21118831634521 10.771728515625 84.3482863688365 297.14849853515597 172.456607965564 38.652368 0 0.43308321158656055
0.073918342590332 9.7833251953125 39.500496082302 282.925415039062 132.078696669888 83.4944 0 0.37348024147858894
2.1538448333740203 9.74102783203125 12.7251073325421 288.93841552734403 219.699354104217 38.628244 0 0.2965853594014963
0.0296745300292969 7.739166259765621 78.4354418009979 296.218170166016 55.8482446736812 75.251456 0 0.4617054026096682
1.40214252471924 9.8756103515625 126.89263264137699 275.188232421875 214.53617636412102 37.247328 0 0.5395966332167945
4.418429851531981 10.5915832519531 7.55518427871779 294.179321289062 221.01764167569198 39.24638 0 0.2173872324135843
1.47945415973663 4.82183837890625 135.484773622541 274.114959716797 170.319979731528 26.190184 0 0.4666591454823984
0.703993797302246 6.33514404296875 98.00365360709179 283.942626953125 171.050518107347 36.797356 0 0.474741592975596
2.41139936447144 13.4631958007812 82.26112449188929 285.125518798828 218.01709742104302 18.172016 0 0.5225428066578097
4.73914051055908 12.1635131835938 13.433742577856501 301.563140869141 216.606602645451 41.213564 0 0.26077521697907097
0.9161391258239749 5.52734375 9.393384652328722 294.05419921875 174.985041276943 37.525884000000005 0 0.2578761799207354
1.6051230430603 10.1220703125 48.58208320208529 284.24029541015597 176.024902658382 36.284636 0 0.4440763041946225
5.9307222366333 15.3675537109375 42.29038895334671 298.16650390625 265.910677215922 27.666736 0 0.4869679339171491
1.51741743087769 6.0966796875 63.956376320849294 281.765472412109 129.895035558479 26.070314 0 0.5050617323094713
7.55255794525146 17.5213012695312 30.219340054493298 302.417114257812 309.892674715537 45.206164 0 0.5007925107520171
5.84428310394287 15.7109985351562 93.89532411179319 301.324554443359 263.616556067249 43.016016 0 0.4069386993644709
0.973110198974609 17.2725219726562 320.68946232782 283.44915771484403 216.833525741062 53.129507999999994 0 0.2916010125862219
7.28600788116455 15.5106811523438 70.98187240733499 299.35638427734403 264.611750556432 42.392852000000005 0 0.5425065924243815
0.35203409194946295 11.304290771484402 110.25753826790701 280.747283935547 91.10517788271879 65.1655 0 0.4677127442250645
4.753735542297361 12.0858154296875 30.261194179983896 299.0224609375 218.519883436564 40.610484 0 0.3892014545568808
6.51600551605225 15.082977294921902 474.63334605198304 301.863189697266 257.42585201185904 351.211072 0 0.3624997013800842
0.46646976470947293 10.776885986328098 228.18171696606097 288.686920166016 132.054724281939 65.299712 0 0.32381327542792365
6.04293441772461 15.3726196289062 31.908850689854102 300.86187744140597 261.379529965796 43.201824 0 0.4064809334808004
0.26494312286377 5.56085205078125 11.052359796596301 287.346710205078 56.601371793895204 33.57326 0 0.3705830341470678
3.0190105438232404 15.726776123046902 230.936251876713 281.635711669922 269.634344412919 30.7573 0 0.4799807299847937
0.275994539260864 2.41653442382812 71.0597525616421 277.908203125 88.0412568282498 76.19484 0 0.06739635221168051
3.27847814559937 11.2688598632812 107.005138894037 291.580657958984 175.02531258572603 37.43598 0 0.4633240025339771
0.45343184471130393 3.646240234375 110.09326024197901 269.66033935546903 125.339063268554 22.587557999999998 0 0.4466598032793015
0.683659553527832 8.16400146484375 39.2417538044793 273.949249267578 128.922067653678 37.407236 0 0.457684238874494
2.85802459716797 9.25289916992188 23.787942950033802 294.70068359375 217.275824913475 245.382432 0 0.3653341740009064
1.0425851345062298 8.31619262695312 68.9034855834854 273.407379150391 127.506471618204 22.657638000000002 0 0.5323595443028413
0.277270436286926 6.84576416015625 117.52067801080099 265.113189697266 90.70422089658501 128.143584 0 0.4673076723414992
6.22200870513916 13.229339599609402 6.03755669066825 301.361053466797 263.72740571161 42.755744 0 0.19524831133652235
1.5365271568298302 6.5634765625 55.464285966869994 291.37921142578097 174.219497939743 37.415620000000004 0 0.4412254276693317
0.531378746032715 6.2467041015625 62.61922400970221 288.868621826172 56.0737299039441 36.2754 0 0.5420527072788189
5.1604471206664995 14.245025634765598 17.8700464628081 299.38079833984403 263.309103879235 42.732616 0 0.3261425155936242
5.29306888580322 14.8333740234375 12.5095861124912 298.613159179688 262.666389416442 42.784092 0 0.2837125112806961
1.5205249786377 10.5508728027344 205.201024969513 280.102691650391 215.933262530303 30.999808 0 0.40146918992819663
1.5833444595336899 9.03302001953125 112.51010452057 282.819000244141 166.510583088809 36.603648 0 0.4986068413474968
0.0655403137207031 3.52182006835938 8.59187101983785 300.968383789062 89.40393666238229 119.77414399999999 0 0.2443231891753483
0.719373226165771 11.3955688476562 18.3775156224394 272.779327392578 173.020786118125 35.1188 0 0.4019615137994649
1.8110938072204599 7.305023193359379 44.3282567706281 284.508422851562 174.897896958815 36.277491999999995 0 0.4495187766263537
0.198930740356445 3.0169677734375 12.400204506866 298.27569580078097 90.97740437678509 36.139356 0 0.30112349802106364
2.5182523727417 16.0824279785156 11.4731463825144 294.082305908203 219.64154384102198 39.51608 0 0.2322336889586174
0.194691896438599 4.55999755859375 182.24151175771198 270.896026611328 172.88663301164 29.740873999999998 0 0.33976279050806857
0.213509082794189 8.09469604492188 262.64774217056 273.344635009766 130.768085689387 61.973604 0 0.4001841390387125
7.35778903961182 15.703277587890598 35.6854939569957 301.062774658203 310.633721094366 29.284314000000002 0 0.5062679305557101
0.631412506103516 9.58663940429688 15.371885087867698 281.314605712891 133.254409311319 34.606208 0 0.33836818937177626
0.12646365165710402 10.1639099121094 291.99737650076196 271.6416015625 170.3169445032 87.836264 0 0.41664895244845307
1.2704472541809098 10.1285705566406 197.182101411077 282.779052734375 129.715164215399 30.990153999999997 0 0.2917208975707522
6.0304651260376 15.078460693359402 21.042302898975603 297.821014404297 265.030069509471 27.600255999999998 0 0.4272934934360023
4.46159791946411 16.5327453613281 8.79880436310593 290.958770751953 268.98619113723703 40.3245 0 0.3442856207785988
3.55710172653198 13.4859008789062 10.812088760118199 279.421142578125 27.758727774941896 32.948890000000006 0 0.3431582264726993
0.27264070510864297 2.46304321289062 7.58052452763086 280.49951171875 132.236288079934 34.441072 0 0.30104931158396986
4.8764476776123 14.670074462890598 73.7707355324406 297.936309814453 172.409724028134 104.443168 0 0.38509451829097935
0.19106101989746102 9.04873657226562 91.46442531026881 271.37274169921903 132.149420282903 33.489004 0 0.4984319305454495
0.27750968933105497 10.319763183593802 111.95874694051399 291.040313720703 91.6723887481308 63.306231999999994 0 0.4696268595705433
2.7496795654296897 12.3965454101562 137.61412530981198 293.069610595703 220.59252063497897 39.347732 0 0.4184416808219404
2.25518655776978 6.992584228515621 139.594605719604 283.97772216796903 263.174246458855 28.561536 0 0.4792045316645325
0.830059051513672 11.065185546875 175.598804601739 288.637329101562 92.05162239100291 34.631792 0 0.23542043491330336
0.0440561771392822 1.3109436035156201 23.9962650388933 274.993804931641 89.9985993981149 36.995208 0 0.11019988769075208
1.76990985870361 3.99905395507812 5.879435901139389 298.84552001953097 129.766014873764 95.471952 0 0.2277927030989569
0.943102836608887 16.0131530761719 215.94533576863398 286.098663330078 220.24087597586498 42.644852 0 0.32587568495179475
0.394634366035461 8.83432006835938 69.5055233634785 272.974884033203 168.27327627220302 35.667096 0 0.4854380018414187
7.76172065734863 18.5552673339844 49.380022603232405 299.446258544922 310.114343493754 29.219434000000003 0 0.5435711131087297
0.45404863357543895 10.701110839843802 119.827809982123 287.994354248047 132.597254257909 70.792968 0 0.4263829622231801
7.242764472961429 17.6401977539062 78.27492970837591 301.785034179688 309.95818666672 32.395616 0 0.5451696321855701
0.8529586791992191 12.199188232421902 46.20244925329221 287.146209716797 174.872019485284 36.609524 0 0.3949933652096088
0.19610977172851604 11.395111083984402 134.7939780258 282.724029541016 56.412597190208594 260.027424 0 0.3313785629410128
1.15484404563904 14.119720458984402 61.4957849811829 273.98126220703097 91.12357928792672 32.942424 0 0.494284914750041
0.5321162939071661 13.427154541015598 47.089867120778706 270.932708740234 174.545815794072 34.717132 0 0.4569247538792184
5.01167917251587 14.313690185546902 23.711820076758 294.84820556640597 264.282095245866 41.916784 0 0.441144583393303
1.7074484825134297 18.2723999023438 117.272960187732 285.460113525391 174.824461394315 24.190894 0 0.4077140321255868
3.0938661098480202 13.481109619140598 184.99885486651297 285.856079101562 266.853418672663 28.510714 0 0.487698412607253
0.497679710388184 14.271514892578098 124.013383450454 291.345245361328 55.9074153605496 34.406896 0 0.27903162486143107
6.746185302734379 16.7452392578125 65.6590499676146 297.908966064453 263.845291899962 31.185440000000003 0 0.5712493940276626
4.321247577667241 16.7921752929688 40.7060336978646 293.553314208984 266.85367635640097 41.3202 0 0.4674271965974634
1.76446485519409 8.955322265625 8.912922290571279 280.265258789062 173.13250550426898 36.705684000000005 0 0.2924485133975668
4.95276260375977 14.09375 210.12183799129903 295.321380615234 267.602554994738 62.590543999999994 0 0.4408926251081756
0.21569252014160198 5.949493408203121 70.684477624314 297.70013427734403 90.30868988709459 100.755448 0 0.3865226149683208
0.42839527130127003 6.048675537109379 35.0880144502212 283.781951904297 27.527541890573502 82.93041600000001 0 0.1583066729557518
4.63043689727783 9.9959716796875 26.197620275560602 293.774871826172 177.336312137037 37.539764 0 0.4005553109765292
1.21096611022949 7.055572509765621 92.3559868362891 298.268524169922 90.75678463125851 262.487552 0 0.31390457320083603
2.97735595703125 15.0925903320312 50.7306755524718 279.883819580078 91.78572697390379 34.589104 0 0.4848808918265095
0.0840027332305908 8.34228515625 80.3437239247892 270.743133544922 55.30008929281279 21.144818 0 0.35629119493785044
7.33825397491455 15.200836181640598 62.614202068428405 301.66351318359403 261.434535727564 43.000036 0 0.4695879474203754
