0.5212225914001459 6.00213623046875 92.5329840963848 279.097869873047 55.871220450142495 981796544.0 5745897.5 252135.0 1.1770474621020999e-07 0 0.24796281309237514
1.93569445610046 2.47732543945312 104.413877027878 279.019317626953 170.497605952416 228082432.0 16980324.0 1617820.5 1.36520315520464e-07 0 0.25847632290773154
8.57793521881104 11.574188232421902 6.55345283271022 292.87750244140597 91.0148886104781 114643144.0 70086776.0 329468.0 5.020357346676651e-08 0 0.20147792273706555
0.958172857761383 12.047271728515598 115.187873788911 265.86016845703097 175.33602931407398 11158991.0 1136126.75 85835.5 1.1037968085264199e-07 0 0.3234899525261585
1.05151307582855 2.91778564453125 108.012343461201 266.159423828125 53.7575528305789 432538592.0 2098466.0 189936.578125 1.30633236902426e-07 0 0.2517571914360907
0.725277543067932 5.40338134765625 43.9558989513765 266.619995117188 88.905789168372 2876809.5 2475291.0 238351.71875 1.34733014712684e-07 0 0.2802308841020675
6.315819263458249 13.714752197265598 114.91365946403299 293.281341552734 267.28064669327597 45013196.0 2650285.75 246158.265625 1.24426083802068e-07 0 0.4666793663034363
8.41836547851562 9.7294921875 208.87885887719102 302.73968505859403 216.430861877061 675784000.0 880505408.0 33291.359375 4.4405336356110195e-08 0 0.33147333670441714
5.66043329238892 8.03890991210938 9.84087645476146 307.160308837891 261.432786763277 185625376.0 170452928.0 179866.59375 4.33906414943713e-08 0 0.22462086679979415
10.816185951232901 13.187713623046902 31.660548378007697 294.349487304688 91.3798319670192 111680808.0 263499376.0 10397360.0 7.492178009059969e-08 0 0.4085985935432522
9.854817390441891 19.9980773925781 228.694882477615 299.81097412109403 265.1853612403 144384208.0 37566392.0 1863705.625 1.03343426845302e-07 0 0.3655088735434328
6.244781494140621 16.92041015625 471.628389614656 291.618988037109 262.72329591882703 225425344.0 45991592.0 2819136.75 1.32200438561076e-07 0 0.3899608704778624
4.6549220085144 9.00912475585938 22.3951675648876 305.251312255859 261.86919782462996 65194424.0 12487256.0 98539.234375 7.34003998761515e-08 0 0.2723626593395657
8.71485900878906 18.533447265625 239.01657817217603 295.264068603516 314.796180637199 68134480.0 102205200.0 453673.40625 5.70280966163402e-08 0 0.32713277240595195
4.72823905944824 13.6100463867188 159.74473022040002 288.473907470703 132.40635804756099 1238981248.0 32673210.0 2732903.5 1.2062282165260402e-07 0 0.26141183262176704
7.794878959655759 12.2077026367188 136.255385858582 303.164184570312 311.37375366524 208412784.0 164387840.0 1060830.5 5.7463049948944605e-08 0 0.3812975699152846
1.14153075218201 5.48822021484375 122.51628734129 278.55084228515597 214.39479195422402 132813040.0 86585856.0 7910797.0 1.38487343083622e-07 0 0.28435469008001146
1.1852611303329499 5.07916259765625 233.43549174383702 275.276824951172 251.225337113321 40176000.0 64317668.0 5974272.5 1.40192625401341e-07 0 0.27310871354674937
4.521483421325679 9.28302001953125 23.3731738617129 303.532623291016 264.783182385796 91795616.0 7548858.0 348368.46875 1.0430330670260199e-07 0 0.2908715021434929
2.05651545524597 3.09628295898438 29.5819686924824 284.724517822266 130.49852341414498 26481382.0 13897785.0 1322159.0 1.37047088028672e-07 0 0.3756442528820584
3.99555778503418 8.03863525390625 90.6740136414233 288.701690673828 132.171622917104 139934016.0 16880716.0 295020.96875 8.310625999262481e-08 0 0.3569617027225343
7.50203609466553 10.760162353515598 46.5358235837191 300.548797607422 265.46962708565496 316048768.0 24161700.0 1543278.75 1.1040714939056302e-07 0 0.5022996398008156
6.28625202178955 10.0908203125 122.854190064132 302.04058837890597 266.207915310583 69919808.0 69213432.0 552519.9375 7.65002379242806e-08 0 0.3548013388952601
7.135310173034671 15.509735107421902 34.7663268520003 299.301788330078 218.20590475785198 150940816.0 15675110.0 1176097.25 1.17253366991397e-07 0 0.3935828810780616
7.84336280822754 13.499603271484402 155.337922590574 302.802459716797 263.98355939518996 66885252.0 42481900.0 1034266.0625 8.41845812997769e-08 0 0.3247969941055377
1.6165595054626498 4.59942626953125 112.86872454440399 273.297973632812 128.313074882237 208256336.0 19088952.0 1796375.75 1.33666266468506e-07 0 0.30203674236628114
1.41642236709595 11.4020385742188 240.804734058353 285.20306396484403 266.495032683951 255856464.0 15794678.0 1337550.0 1.3017298727331e-07 0 0.2990781116322079
1.6705060005188 5.4124755859375 86.5308765395425 270.344512939453 126.177268477316 30926138.0 107222904.0 430105.28125 6.99469112066903e-08 0 0.4197294050552549
10.1196250915527 14.2113037109375 76.2396087343835 304.834075927734 262.786659228462 316814176.0 23705114.0 2204944.25 1.33783808613714e-07 0 0.4953067909746978
3.8868989944457994 11.036163330078098 168.987644268324 295.655395507812 174.00257274990298 55815088.0 45111548.0 930192.6875 8.24206655910431e-08 0 0.29747719799339073
5.547429084777829 13.471099853515598 232.04507020661498 293.27447509765597 175.59777562858997 97256448.0 69132024.0 2600114.0 7.46059269179183e-08 0 0.32214210123740233
4.79352474212646 14.514404296875 29.596311007688698 294.39947509765597 220.86746743249 265209968.0 10349324.0 689431.0 1.11684254788566e-07 0 0.3762403705701061
0.7324247360229491 14.556671142578098 98.8635519585482 281.836456298828 90.2779739134684 897366528.0 109260168.0 7216212.0 1.19172231995208e-07 0 0.2253916229330231
6.12636375427246 11.323333740234402 37.53382705994721 304.366485595703 262.951033428959 93136632.0 9317219.0 331771.96875 5.02725568364723e-08 0 0.3669644542629626
4.17442321777344 15.609283447265598 59.611042078757706 282.000030517578 217.00220940917197 199858336.0 33289080.0 176164.84375 6.49612721618538e-08 0 0.5376953316102019
1.2844035625457801 5.03436279296875 53.5802732216275 270.36273193359403 90.52756700774059 204168032.0 28988866.0 2735874.0 1.3940598742860902e-07 0 0.4745403532026084
2.33888554573059 5.182891845703121 34.043870194148504 279.93157958984403 131.350686114228 50378968.0 5947593.0 567022.75 1.39543275213727e-07 0 0.3959865959929836
8.28313827514648 17.27197265625 83.80958359039491 303.466705322266 309.585572369385 45538072.0 21091058.0 158822.296875 7.60956756632702e-08 0 0.4742971515424522
3.15471601486206 9.79537963867188 182.221558292016 282.14947509765597 214.41854370329202 438373984.0 36715896.0 3199613.5 1.3550208156971e-07 0 0.3243436301762436
6.621206760406491 10.278991699218802 84.0131021722148 292.915283203125 175.76357363188703 61691364.0 108673360.0 1837082.5 7.38685830817659e-08 0 0.4564164142410786
9.04071617126465 10.1795654296875 27.8694860720229 304.000030517578 263.408694973418 19005152.0 18257846.0 893282.5625 1.05300931509394e-07 0 0.4119378037926232
7.3293576240539595 15.680511474609402 103.802673303853 290.5341796875 91.51152035747499 515092064.0 57123432.0 655306.6875 7.728617006694419e-08 0 0.4341329677071921
8.11393260955811 14.527557373046902 90.86588559117858 304.685516357422 311.69449798403 43130352.0 59517832.0 2205625.75 8.2007889034573e-08 0 0.44467999579125855
4.2208547592163095 7.230194091796879 41.8513990705611 296.525909423828 175.154250290043 52535604.0 35317000.0 184977.296875 7.62165533189764e-08 0 0.3907865677511046
5.23060703277588 5.8668212890625 49.927524884749204 282.416351318359 91.42875164325069 41702420.0 5575771.0 371563.71875 1.1799784620445302e-07 0 0.42234191382153297
3.64139366149902 5.4954833984375 10.626496538815301 294.484283447266 55.7778351189999 41384456.0 56377560.0 245770.671875 5.91360232285686e-08 0 0.2533274538516444
6.00424861907959 7.21124267578125 32.9448374803399 298.56988525390597 82.98080559175959 29686636.0 19394398.0 43410.515625 7.62336438282707e-08 0 0.3684581058987614
2.69670534133911 7.752227783203121 47.5011103863478 291.138824462891 263.26133435330104 733659200.0 62391528.0 1716749.625 9.198528978497079e-08 0 0.3969283780162191
7.68747806549072 19.79736328125 8.41653578132385 301.702972412109 264.45131699176005 56679852.0 10405463.0 952010.875 1.28626430642048e-07 0 0.2748541625034661
1.5518935918808001 4.3021240234375 53.72449651284221 274.404418945312 129.59800841415898 11263116.0 2798835.0 266538.4375 1.37172971157839e-07 0 0.3017142357917948
1.6403534412384 6.134002685546879 415.083645887361 273.018585205078 254.11411666003 1139000960.0 19779792.0 1847390.625 1.36440897437659e-07 0 0.3200749706166511
4.953693866729741 9.08319091796875 11.015031304575698 291.69696044921903 91.71327381849449 512422208.0 60512216.0 1961794.0 9.13794335424024e-08 0 0.2607391877485705
6.76337480545044 5.996063232421879 31.5027051072793 292.015747070312 91.20882262670071 272279104.0 39071972.0 1006853.375 8.49930903346843e-08 0 0.3632048932644033
6.13027048110962 18.5717468261719 165.144237852556 290.92767333984403 266.778102932914 275609632.0 22762978.0 983549.375 1.1058337520551e-07 0 0.3563136552959959
1.8274772167205802 8.30093383789062 148.047179508276 277.767181396484 219.12698962326198 115034720.0 42840208.0 4004419.25 1.39654463212363e-07 0 0.31135490019717743
2.4861998558044403 3.02169799804688 53.6119101289096 286.75286865234403 169.73791773878798 229285744.0 62371548.0 5594637.0 1.3600198850294398e-07 0 0.18220788967431945
1.10126399993896 10.781982421875 45.3888798095887 275.574737548828 56.46986900864739 517139232.0 45095312.0 2234378.25 1.0636538064042801e-07 0 0.4141950426122424
2.9309966564178502 10.469299316406198 115.219681085011 285.159790039062 173.55020677012502 57026176.0 45152336.0 3092149.25 1.2184340710168901e-07 0 0.29640103381518423
1.39976692199707 8.54022216796875 47.137711178196795 272.15240478515597 172.676024425664 8785284.0 3973431.0 352516.15625 1.27885156612762e-07 0 0.4294334537210625
5.54414796829224 10.15771484375 24.6422927584134 299.853363037109 219.05967202535498 55436484.0 72811288.0 1914144.25 8.268984690014889e-08 0 0.3523852259786813
6.82623434066772 7.97467041015625 23.0036850089228 302.679656982422 218.51161704188598 19054202.0 140736672.0 1722910.875 6.49438181586942e-08 0 0.3558615443582737
3.61129641532898 12.174774169921902 90.571003629224 289.099273681641 265.492381507509 144048784.0 19798434.0 900498.1875 1.04704146518001e-07 0 0.4603197253539186
4.987152099609379 8.5908203125 48.5433896906238 291.592559814453 219.65328705829398 50608088.0 3499397.25 358101.9375 1.35522261620418e-07 0 0.4770759429455029
5.34036445617676 11.8942260742188 147.048056233479 282.520141601562 92.13061578822321 688300928.0 9477488.0 808399.5 1.22363504629753e-07 0 0.25117918136792344
3.3209366798400897 8.47415161132812 97.5670287161925 290.30841064453097 92.3107048274145 346785344.0 130304392.0 349727.46875 8.84258545159278e-08 0 0.37872265153535867
0.15600490570068398 15.955078125 166.02970508938 260.225830078125 127.748701216397 3507607.5 667817.8125 66490.515625 1.40065598519815e-07 0 0.3399441046146523
0.661573827266693 8.42868041992188 129.217294604213 265.707733154297 221.163638165316 103472824.0 21654498.0 140927.984375 8.57117328748421e-08 0 0.3477245645965981
1.78291285037994 13.158416748046902 29.238320716026397 272.54736328125 177.83514750197497 24738354.0 8199049.0 65741.375 5.810389910184111e-08 0 0.485190325897652
11.5038642883301 14.7369384765625 34.4775735768879 303.774169921875 262.544292833398 22760742.0 13897963.0 154400.640625 7.61674748123982e-08 0 0.4486985447214532
8.04040431976318 7.352081298828121 491.829671709788 293.794189453125 172.15087763181597 1266801920.0 251073984.0 1662164.875 6.8817196811349e-08 0 0.3247490020740678
4.67268419265747 12.321258544921902 188.753144506872 301.51800537109403 315.89673829415904 67824720.0 35297892.0 791785.625 7.66932258545494e-08 0 0.3176890127963269
2.0037994384765603 18.1869506835938 144.642811422768 281.294799804688 172.193444492482 88759280.0 37353496.0 639051.8125 7.74219965289251e-08 0 0.2635463183544347
0.86478853225708 7.7620849609375 105.70425509315099 274.05889892578097 126.422651513219 322287136.0 29778914.0 329765.53125 7.12272584818427e-08 0 0.3622888401271639
2.9611001014709504 12.3427124023438 317.109648869051 284.820465087891 214.17026584284199 250553760.0 80210568.0 6135949.5 1.3409793882635e-07 0 0.29430330382766834
5.913671970367429 7.099853515625 21.930248347130497 299.289337158203 217.206092999808 33996116.0 3072323.0 160576.40625 1.04331782580784e-07 0 0.31219851911653484
4.5559587478637695 7.98040771484375 5.6717647472772095 306.622467041016 214.760657802961 342158752.0 8881381.0 295763.03125 8.4795940941416e-08 0 0.11961769388004465
8.776675224304201 11.022705078125 11.804362005648802 300.546478271484 218.10065436501702 19622734.0 19747216.0 247625.671875 8.06048713093626e-08 0 0.28814110857509506
0.62237274646759 6.348663330078121 8.41825604095998 274.764862060547 252.61189259424802 421641184.0 3383420.5 399564.0625 1.20527455195472e-07 0 0.2614659987045638
1.17984783649445 8.79815673828125 234.95434243579498 272.305145263672 254.38612506540798 11096465.0 11130577.0 1032482.0625 1.3784826612356698e-07 0 0.4097980017922397
1.4649273157119798 5.97369384765625 87.500694761349 274.597625732422 208.808831312606 481864608.0 13579089.0 1261144.125 1.35979688524159e-07 0 0.4632198254671483
1.45385932922363 11.707977294921902 174.10436395457802 273.446929931641 168.194840289908 132175440.0 20511268.0 831900.1875 9.80952628468258e-08 0 0.2742194600564302
2.5205626487731903 5.497772216796879 81.0575428766402 282.180450439453 90.36496372830909 169206464.0 74200832.0 3000973.25 1.00615115738512e-07 0 0.3876468246528832
8.0083065032959 13.6962280273438 21.530830783091 297.835418701172 218.021415886346 121256280.0 16679053.0 485661.34375 8.4388952989637e-08 0 0.40250758268130016
4.11668395996094 6.847900390625 49.3731550636437 288.915069580078 172.371847620751 54727528.0 55753612.0 782716.875 6.53908135860723e-08 0 0.4487604556084436
1.5084323883056598 12.435760498046902 86.32859786888201 267.977783203125 57.4885976715151 18463430.0 1187776.25 92468.40625 1.16909515175547e-07 0 0.1671874539628882
10.6556081771851 18.7575073242188 52.9905057990157 293.706207275391 174.49587676882402 742764288.0 41170848.0 3215172.75 1.2493320132572801e-07 0 0.4917668162263627
0.653065264225006 9.18319702148438 138.787241637035 270.883331298828 216.958133218524 25179884.0 4239160.5 395934.53125 1.33627313720609e-07 0 0.3838409861279236
8.1763162612915 11.904022216796902 333.360623327003 298.79644775390597 215.554137867098 17720374.0 74048984.0 890174.25 6.4276126095849e-08 0 0.3499672169595826
1.73069787025452 7.57232666015625 130.343466785212 284.939331054688 309.29412174669 276104192.0 52564620.0 4662761.5 1.36079122758142e-07 0 0.3238383959751354
4.66477680206299 7.868408203125 18.281042199850102 305.554290771484 169.24249195981 54825568.0 7483757.0 521560.84375 1.1833430329128499e-07 0 0.2505855359489485
1.55999422073364 0.99737548828125 40.3933860752025 276.533172607422 54.5903325641337 108420448.0 59257024.0 5509090.5 1.38897591692835e-07 0 0.21508607890801704
2.2166943550109903 1.32427978515625 7.03416379865803 287.150909423828 27.0097640724025 292750208.0 138818976.0 1465910.875 8.623411437208411e-08 0 0.062339551243418036
2.3847651481628396 9.85110473632812 110.68073758523899 273.609527587891 127.93083718184099 1555600.375 20899058.0 1967936.5 1.3761821893637e-07 0 0.3216246799989639
0.830483317375183 15.014129638671902 167.642370764704 266.74053955078097 313.610922162897 6918586.0 119842.8046875 9945.181640625 1.1584485904426801e-07 0 0.6999472605477264
10.9225330352783 7.722137451171879 29.5896765405897 296.339721679688 91.27888353435301 58338192.0 18246022.0 247232.046875 7.77996506444026e-08 0 0.35200552794246404
1.4492163658142099 22.6307678222656 412.297785367132 277.385711669922 262.503465622692 464309376.0 94628512.0 6775944.0 1.27517266091044e-07 0 0.2696863294363092
4.4867863655090305 12.552947998046902 54.2394088694876 291.144256591797 316.5565630192 877010624.0 70487272.0 5582539.0 1.3056770560354303e-07 0 0.4601732241267676
5.883666515350339 18.4288330078125 24.857897133301602 299.658569335938 263.55889633771403 153303072.0 33624372.0 1440581.25 9.78229991165699e-08 0 0.3488190941397284
1.55947375297546 6.000640869140621 118.97681613085399 283.421600341797 124.43914966889 453823136.0 7318751.5 687345.5 1.24575455239677e-07 0 0.2630125678201781
8.167858123779299 18.4779357910156 57.4287733239158 303.672637939453 310.512298859472 43835996.0 66939476.0 592565.4375 5.3544708779724295e-08 0 0.4936872110588487
10.1576528549194 9.45358276367188 30.331216769993702 290.955230712891 27.059374949303304 98302248.0 48250864.0 107050.5078125 5.78954983337083e-08 0 0.2193502462414673
7.02137088775635 10.7739868164062 8.80017193922733 305.334991455078 263.677995454488 58099272.0 12257166.0 319189.5625 8.22286601625548e-08 0 0.19426983097225844
2.5022349357605003 2.11044311523438 23.329746251714397 283.654998779297 88.9455420626552 18214408.0 13659141.0 1280578.125 1.39383701794778e-07 0 0.30441994252467275
0.8840219974517819 7.803802490234379 72.4704604998777 272.659637451172 55.8522873620281 663468224.0 26032628.0 2352003.0 1.3662251800461801e-07 0 0.3381888602444684
7.6747121810913095 9.6241455078125 28.897710342108198 306.20806884765597 262.288429615957 20611848.0 29916418.0 205716.71875 6.62375437633671e-08 0 0.3733228051031645
2.63207340240479 7.133331298828121 87.5863750826309 287.887725830078 172.11291468931 226197264.0 9905884.0 715187.625 1.16709740429514e-07 0 0.3588540656170943
5.06057596206665 9.03482055664062 91.3939926693032 305.323028564453 263.51814602875 23474836.0 14195898.0 479103.8125 6.48417320977298e-08 0 0.3234329304813694
4.66049575805664 8.3162841796875 138.846002612876 301.909759521484 263.041833824365 111724800.0 45510552.0 2240783.5 1.05176740487601e-07 0 0.2791270516346921
4.1663556098938 11.185638427734402 186.15051190071603 281.31585693359403 172.038795079454 94722296.0 14300050.0 1259490.375 1.36569017007529e-07 0 0.3474662156682697
7.9525051116943395 15.6287841796875 12.747333489316599 299.20159912109403 265.778585495802 134921696.0 35120960.0 1119489.875 8.822309987318911e-08 0 0.35218657832010825
4.09543180465698 13.089599609375 71.9415077428133 275.8525390625 56.16320191936379 301972672.0 192146416.0 480082.0625 6.81151436156025e-08 0 0.4606733145857668
5.45072174072266 10.2110900878906 67.4435561093353 284.924652099609 132.411897723577 609342656.0 32838336.0 393377.09375 7.16874581769768e-08 0 0.4829895029430499
7.03940486907959 11.399139404296902 16.5285531367082 304.63507080078097 265.273355847465 8645066.0 117242816.0 954872.625 7.07915371117799e-08 0 0.3091914271837576
3.8288116455078103 8.51983642578125 119.719230750364 288.54595947265597 220.95992004761 646236480.0 26746172.0 2666568.25 1.34795388945499e-07 0 0.3498899697680319
1.6356892585754401 4.94793701171875 141.034759199321 268.441986083984 129.28595910949102 1166318720.0 18549328.0 1739828.75 1.3499228255132198e-07 0 0.2711940621261035
4.94323492050171 14.332855224609402 135.029899934202 287.52899169921903 55.6842750677368 154128960.0 89357888.0 197651.28125 4.9621908255955704e-08 0 0.1558301132245639
6.82708215713501 13.0294189453125 241.902870219346 294.000610351562 218.48665289179698 292899616.0 7904695.0 597614.25 1.21425409817451e-07 0 0.3621974810559576
7.2922649383544895 9.96578979492188 18.5364475440917 306.713134765625 264.855723918948 17994340.0 94278504.0 421886.9375 4.92269586368462e-08 0 0.3172220871511979
8.71199703216553 11.9488525390625 59.812884140387794 295.481658935547 173.78036372753002 28922218.0 8999858.0 378519.53125 9.828560427876641e-08 0 0.5020068713171597
1.66511213779449 1.9461364746093797 177.614758308983 275.705352783203 171.207309206303 1904151.625 14608604.0 1362728.0 1.36610064632964e-07 0 0.3246414043710977
5.93760013580322 11.101104736328098 86.5477197676454 287.262420654297 56.5417240127174 86409992.0 21869436.0 121532.7421875 6.325028415554779e-08 0 0.20750336874985228
7.18719482421875 12.1242065429688 26.9760549314399 292.937255859375 132.27628146376998 302595328.0 27531374.0 1156101.25 9.728186261783261e-08 0 0.3800224860326664
3.28698039054871 9.53323364257812 63.821294784144 284.360748291016 91.6480803413797 709268608.0 159751952.0 3414643.5 7.78799172115906e-08 0 0.4005406730719598
3.64038181304932 8.26565551757812 38.017447983410605 297.025115966797 130.257657653554 80394888.0 162362560.0 895269.375 5.83134735166222e-08 0 0.34056022106045714
0.6109027862548829 10.428649902343802 89.54862910929371 280.873992919922 55.2367208190046 125190880.0 9261867.0 473345.3125 1.1625951615414099e-07 0 0.16465517458285264
10.1353759765625 10.7554321289062 101.47047638524799 294.052734375 56.3900506547166 52413772.0 5087323.5 92995.40625 9.292316457286731e-08 0 0.221213400265318
9.41982173919678 13.281036376953098 73.0449335485194 302.972259521484 264.143968009389 150759696.0 33285278.0 71924.046875 5.1197059641373e-08 0 0.5102530882490318
3.33708524703979 5.491119384765621 78.4193163484283 278.574798583984 91.2477166286758 484064128.0 41523552.0 3928434.25 1.36972233676938e-07 0 0.4507849264973708
4.58137273788452 8.5833740234375 98.4052247653913 306.220367431641 265.38624400542597 58866688.0 52069336.0 181696.609375 7.95366831055501e-08 0 0.2970674921059742
7.866223335266111 16.5779418945312 250.60451692687198 294.771606445312 218.888430899131 1009383040.0 76272992.0 3392646.0 1.0069246569055199e-07 0 0.33314536729942423
1.1959404945373502 14.2020263671875 63.0161441497762 278.7001953125 218.716396007693 467335552.0 78119000.0 6740388.0 1.3887360192000599e-07 0 0.3422674116265039
3.1543564796447794 7.647674560546879 98.8250287741808 295.223724365234 315.870670423779 421254112.0 86867384.0 3388156.75 9.17603930750953e-08 0 0.3274615954268981
8.12983894348145 16.791015625 11.756758813440499 302.575836181641 263.576570398106 171375536.0 39605672.0 1211005.875 8.81143402601377e-08 0 0.3097730127900465
3.15790796279907 5.00225830078125 197.26541587411097 279.065826416016 127.57359259554501 505807488.0 28146482.0 2538769.0 1.37517880365609e-07 0 0.2949218626104498
10.162999153137198 7.7877197265625 19.03714405467 301.085357666016 174.29814939524502 18397290.0 99368304.0 2781203.5 7.39536428720012e-08 0 0.35357151668331543
