0.33952713012695296 5.930084228515621 3.0333309409577103 282.80938720703097 57.6550321758994 454809760.0 296329344.0 726119.6875 4.87749835928184e-08 0.837343335151672 0 0.1086899692954916
1.20261371135712 1.67633056640625 39.9559983410876 274.03570556640597 129.664174920317 244150000.0 5202403.5 490242.65625 1.25499723091581e-07 0.309402763843536 0 0.2190111649562073
7.3856716156005895 12.570465087890598 4.85931631265441 296.646759033203 218.687750835918 473543776.0 5785312.0 439434.46875 1.19896125413223e-07 0.648943901062012 0 0.16385407198179353
0.983582496643066 8.58294677734375 102.52136935610201 270.231323242188 53.9202059470594 919245760.0 2932349.75 268917.53125 1.27523218113735e-07 0.278751611709595 0 0.2646778437058785
1.3883380889892598 3.09652709960938 21.612333226571803 286.163818359375 27.7965307719538 43710280.0 8574001.0 355011.28125 1.0264710187057099e-07 0.8479461669921879 0 0.1655829115057369
1.4468275308609 6.6610107421875 111.31029734371401 272.52728271484403 174.231934303864 4594675.0 13685627.0 1291828.125 1.3786864465434598e-07 0.243236780166626 0 0.30563066622760177
0.693462610244751 15.2460327148438 34.1767458627875 274.148193359375 90.6338947203095 83933080.0 2984975.5 31394.017578125 9.19495317023968e-08 0.507080674171448 0 0.2706723075859089
2.4034481048583998 9.10159301757812 30.4398126506601 276.445953369141 56.25401377142071 106236080.0 16041542.0 36250.9296875 8.00253735371333e-08 0.6808253526687621 0 0.35621746499957
6.75444746017456 9.842529296875 78.2654281448122 304.672210693359 264.008951634217 69773920.0 102349432.0 568790.75 5.0446421975196794e-08 0.177269279956818 0 0.33678728519261697
3.4712963104248 8.59954833984375 28.319017718348103 281.577667236328 90.4276484369551 144463472.0 305402720.0 4058986.5 6.951996936485902e-08 0.0023611409123987 0 0.4004852562076472
11.1624202728271 10.2712097167969 26.4274882167305 306.99700927734403 261.60722783855596 111713048.0 151163664.0 1250968.625 5.66527541465577e-08 0.0316781066358089 0 0.4321403164941057
10.0705556869507 22.4095764160156 252.47234777777598 300.703155517578 310.213370358726 250190816.0 46417364.0 2036854.75 9.769092476123429e-08 0.331294178962708 0 0.3138325556782067
4.4183816909789995 19.0929260253906 323.49857200919797 283.838348388672 310.729822866041 242187952.0 50222560.0 1189684.5 1.03019676886226e-07 0.158946231007576 0 0.33163293342876005
8.29613399505615 12.1589965820312 126.32090801132799 305.692596435547 216.48727557483002 69865520.0 88593160.0 1102805.25 6.90657538352554e-08 0.41927206516265897 0 0.2823532540623873
2.06291747093201 12.0581665039062 207.789259799074 277.741119384766 313.58026185539103 456771488.0 22789808.0 1881704.875 1.18460586284973e-07 0.28341817855835 0 0.3039986647768909
1.22593545913696 5.881072998046879 155.766679322097 274.011596679688 165.64731677554198 948739776.0 7164509.0 594105.375 1.19341982080739e-07 0.09227988868951802 0 0.2953923404376127
9.21266937255859 9.33181762695312 38.2827390713807 302.67230224609403 52.97423213656429 158146448.0 776705472.0 911982.8125 6.41604833458902e-08 0.160846531391144 0 0.3401507365276087
5.0628957748413095 4.274139404296879 26.4506630939332 296.307891845703 89.97382129914172 78277600.0 107849384.0 6465770.0 1.15329399869593e-07 0.677926421165466 0 0.2837610224607106
2.2603874206543 15.8684692382812 174.683682587291 276.641510009766 260.846912528282 47669284.0 46197348.0 4295504.0 1.39919362656989e-07 0.474251389503479 0 0.2561800301130155
6.6054391860961905 11.6214599609375 59.8178396809461 296.631561279297 131.36196563212098 40399408.0 78245392.0 354152.34375 6.10595565488038e-08 0.9212564826011659 0 0.21643836262459012
3.5251264572143595 4.373504638671879 10.8519139399257 294.501098632812 55.7152981975325 193461472.0 164783648.0 964968.125 7.462800292791621e-08 0.500477373600006 0 0.22398448570498986
1.5362014770507801 11.374755859375 76.0344214492507 282.173828125 55.7748881969318 252573648.0 30866026.0 563119.75 1.0249477725992098e-07 0.8823921680450441 0 0.15722474610804685
8.132434844970701 12.822265625 6.771511721362111 299.602569580078 218.71256104584597 10289100.0 29267044.0 577388.6875 7.70671270213561e-08 0.8554981350898739 0 0.11027153391846664
4.9932718276977495 10.711486816406198 12.4582441798351 303.07904052734403 310.048904914209 162223696.0 29779896.0 137572.328125 5.98708490944067e-08 0.6668766736984251 0 0.18028653503863765
8.918354988098141 11.810791015625 141.691670192206 302.05029296875 218.63019016433398 63720664.0 160526048.0 1712930.0 7.07397078251814e-08 0.185450300574303 0 0.3601232073627997
3.07264518737793 5.833831787109379 8.00285417212351 290.105194091797 131.118558786676 406569536.0 56888308.0 1044062.8125 8.29516229212325e-08 0.33727216720581105 0 0.20809478523655986
5.09110164642334 11.2379150390625 44.7253331085685 285.673126220703 93.2315240888152 127565944.0 61864536.0 1009687.875 8.26459972808416e-08 0.681347131729126 0 0.31822300001688364
2.2401499748230003 4.8319091796875 40.5637870482721 281.318267822266 90.728171561045 104677696.0 38080216.0 3248622.25 1.33996076530267e-07 0.542748928070068 0 0.3555042756391377
8.38398933410645 17.5313720703125 21.990468393411998 300.469268798828 311.818244608764 61995664.0 18399088.0 875581.75 1.0166019461890199e-07 0.6725473999977111 0 0.27621085161734404
2.1786003112793 6.168487548828121 90.6795716704154 273.88665771484403 128.53710877187 230512624.0 27899824.0 447288.0 7.563888342332361e-08 0.678428471088409 0 0.2523077499228591
5.8951129913330105 7.770233154296879 6.40921554936813 301.377777099609 173.42414157815497 78144600.0 145562032.0 1407370.125 5.7956772832971003e-08 0.80093902349472 0 0.07875634949468661
0.830646514892578 10.4121398925781 23.0091353685572 282.208282470703 130.980325353384 549777216.0 12348554.0 315812.25 8.64431164520734e-08 0.6921508312225338 0 0.24998258646246455
3.93604373931885 3.39663696289062 38.3607785003126 289.579864501953 55.79734290848061 401171264.0 50711932.0 1830541.625 9.6454501207775e-08 0.102548725903034 0 0.3589695333013353
3.79193782806396 9.82608032226562 191.410386367268 293.89251708984403 311.558609105366 426933472.0 10706178.0 923766.6875 1.2626967394026699e-07 0.504354238510132 0 0.23665286420082204
6.28312110900879 2.92105102539062 13.38799456109 300.44171142578097 90.2565745905176 145936000.0 50004024.0 2644957.0 1.08308977503369e-07 0.6629801392555239 0 0.1885580449755669
4.92527294158936 3.05789184570312 22.303640734741997 296.24078369140597 90.6638027731416 264648672.0 85944984.0 1303830.75 7.7385702722938e-08 0.526761531829834 0 0.2677252767427734
1.2131357192993202 6.165679931640621 95.49228935324791 281.21270751953097 214.288255145171 705198592.0 164724800.0 743422.9375 7.99310434626315e-08 0.0891300737857819 0 0.2925920029429696
5.871695041656491 9.68743896484375 34.1205202454082 305.25653076171903 263.884704192927 71952152.0 27622980.0 443545.5625 7.461528573890199e-08 0.827448844909668 0 0.20791302128662295
5.40255165100098 7.19085693359375 71.6383755263554 297.192596435547 130.683438300049 32665076.0 95142768.0 497084.5625 7.113956961322419e-08 0.27341985702514604 0 0.3558553240617602
1.4734945297241202 7.299285888671879 67.9149724326151 289.084625244141 56.504539739706495 54345272.0 38327736.0 1770587.5 1.0756429302280099e-07 0.5184175372123719 0 0.1772412576707307
6.44083404541016 12.380279541015598 60.557939080683404 296.967376708984 267.099933509311 192177584.0 36872628.0 739437.1875 8.092189272816321e-08 0.524181485176086 0 0.3450945565011096
2.13887786865234 12.342559814453098 224.782248884864 286.878997802734 130.338664583639 91190528.0 71267472.0 3759497.75 1.0804736242749698e-07 0.5113645195961 0 0.22814748187523234
5.99934911727905 10.818359375 49.3889335395926 304.052490234375 262.798118498409 99840768.0 8798894.0 59798.4453125 8.37231220503677e-08 0.504765212535858 0 0.27949314611688164
5.69951677322388 11.993621826171902 16.970875370474 295.27593994140597 173.96962604224098 59386996.0 20636004.0 567133.1875 8.35705335726573e-08 0.47462326288223294 0 0.2564307000165718
7.075616836547849 9.43380737304688 11.3738964635588 297.23175048828097 222.424325038088 119807144.0 23244236.0 2041296.0 1.1433131203904801e-07 0.0737171098589897 0 0.3007493467708053
2.07346272468567 4.645233154296879 16.6897865346459 287.918090820312 171.459867300943 57959084.0 32534986.0 2854290.75 1.34762649578453e-07 0.540316164493561 0 0.2772454630337131
9.62429523468018 13.5883178710938 41.319463356282604 303.97052001953097 263.195693638319 42450768.0 21441402.0 1643981.25 1.24895296478055e-07 0.40446925163269 0 0.4155103957656972
4.93210887908936 4.0335693359375 7.170466104071361 297.57012939453097 56.11219274446339 29950022.0 55188060.0 859741.9375 7.37686179334875e-08 0.530467391014099 0 0.13857448985754742
2.7276244163513197 8.83221435546875 102.29437388013599 282.751983642578 131.399137433297 144139168.0 30859612.0 2596503.75 1.34524944816281e-07 0.511752009391785 0 0.2423248060665913
5.40695428848267 9.17697143554688 13.7347721731305 302.974273681641 218.05632446962798 5382858.0 34314236.0 380516.84375 6.34485933021722e-08 0.796187281608582 0 0.1622928141757133
3.2405998706817596 7.11639404296875 118.88176450454901 284.011383056641 263.63856550723096 424869856.0 12116075.0 1124532.875 1.33743192687383e-07 0.482903003692627 0 0.31954158695621465
3.7773485183715803 13.723724365234402 77.55367243495459 286.75225830078097 174.347260682253 74857808.0 13399911.0 987459.5625 1.21003451816268e-07 0.13784779608249698 0 0.3853303666313979
6.30469036102295 17.1983947753906 152.155490834067 290.97979736328097 264.400361116208 156986080.0 26639340.0 961127.25 1.0187771148568e-07 0.662936866283417 0 0.21218819971494102
1.0880126953125 10.1523132324219 66.4600553997061 281.575653076172 56.6890368383749 129737096.0 7268818.0 164624.234375 9.34946901268606e-08 0.905489802360535 0 0.16932644690563362
4.22220993041992 3.31964111328125 5.36963797368137 285.693267822266 56.7842495980474 99884416.0 5650413.5 296004.34375 1.0878284117880599e-07 0.371348053216934 0 0.09106929747413316
8.38400554656982 18.0379638671875 283.932210782257 296.68798828125 313.224575823141 154670304.0 8354538.0 625493.3125 1.1761274270064301e-07 0.714842915534973 0 0.32803328971788315
6.782127857208249 11.834808349609402 85.5561861918764 289.63250732421903 174.953542984059 740097216.0 13443630.0 1230810.75 1.2856224311212802e-07 0.587814211845398 0 0.3230636088471312
3.9766788482666002 7.86749267578125 6.59724230453949 285.946166992188 219.21304002869599 150341776.0 11998216.0 1197242.0 1.37596509685492e-07 0.24663755297660803 0 0.2534895029107084
7.104968070983889 8.99493408203125 14.7377726383937 299.055297851562 264.649675923195 135161024.0 41104168.0 397545.21875 8.744761561865691e-08 0.710311233997345 0 0.2610678391648669
8.76457214355469 12.678955078125 66.74059718426601 295.919708251953 174.936314404501 276906048.0 95428144.0 1378745.5 7.4898085170339e-08 0.146239563822746 0 0.4574973054516037
3.5116958618164102 11.866180419921902 151.523709518459 297.061889648438 171.872537658049 89906112.0 64907412.0 802681.875 7.46782072943334e-08 0.633903622627258 0 0.2190373503505169
0.83703875541687 7.6849365234375 89.01308925866009 277.423675537109 55.8045465735602 52932000.0 10873353.0 268144.21875 9.04580172880874e-08 0.125963255763054 0 0.17361607921381153
3.3944354057312 11.243560791015598 88.99041207515221 285.44427490234403 220.147512782373 204188944.0 35585284.0 3217999.75 1.3405074887792802e-07 0.702924251556396 0 0.2441310967875013
1.7890205383300801 14.203094482421902 148.170399549883 280.264801025391 215.61914625484502 390842368.0 44111380.0 3189774.75 1.31556474570508e-07 0.22338423132896398 0 0.2503394531432209
1.7286298274993899 9.85903930664062 71.83398186415809 282.773803710938 175.289186429402 328934624.0 15196743.0 1405251.125 1.3393195751967598e-07 0.205431014299393 0 0.3815358088811885
5.10490131378174 12.338134765625 22.5132686336693 283.01123046875 172.69730533806802 238114096.0 20297990.0 605413.875 1.0098075988649199e-07 0.6733826398849491 0 0.3663570354720512
6.146710395812991 7.47802734375 24.8362733503898 303.618682861328 172.806930753201 76367040.0 15852041.0 501317.3125 8.985667660439649e-08 0.29818663001060497 0 0.29022513829405744
5.65615606307983 12.128326416015598 29.579193961975104 294.74224853515597 217.433401359399 537822912.0 62639140.0 1868388.0 8.74412885830297e-08 0.275120556354523 0 0.3825102892070754
3.9715013504028303 8.360595703125 14.6816477176581 297.537872314453 173.524847008227 101435648.0 30977442.0 445256.375 7.19200306447511e-08 0.813869476318359 0 0.20169730961191787
1.73733139038086 8.59530639648438 84.36588638732471 294.360595703125 90.2201996410413 67273384.0 57315252.0 455709.625 7.26306267987112e-08 0.397053152322769 0 0.22824287389316505
1.33725357055664 3.21060180664062 61.8212724956256 278.279998779297 165.700248603228 269286176.0 13498027.0 1180907.5 1.3101210427521402e-07 0.29339271783828696 0 0.30860926301810365
7.51986217498779 11.297088623046902 11.350388036174099 299.306884765625 219.361377311648 105896848.0 17244286.0 1250289.0 1.2245005823644198e-07 0.7559499144554142 0 0.1844003202165866
2.08350610733032 3.22158813476562 13.9294841262311 276.616302490234 131.315706278525 520326528.0 31851114.0 447009.53125 7.16889086680095e-08 0.848194241523743 0 0.26723403582607336
2.01961469650269 5.4764404296875 24.296620106667298 280.593017578125 173.06182460754798 65768808.0 166100704.0 4921294.0 8.0474850746048e-08 0.27475184202194197 0 0.3788136685432594
7.030311107635501 13.0319213867188 58.8630140773026 299.58880615234403 218.43880415161098 41717856.0 73925112.0 672911.6875 6.32623497861539e-08 0.61997652053833 0 0.2736063989972144
0.12331748008728 6.57696533203125 39.7639493585631 269.810821533203 55.6665975385239 360499872.0 13364954.0 1113836.875 1.29681070173715e-07 0.69282329082489 0 0.3088793911392878
0.951867163181305 8.34432983398438 137.028827061575 265.731597900391 88.2470715290282 569781376.0 11301606.0 66730.609375 9.370693715972199e-08 0.29280024766921997 0 0.2437141143310716
9.49826622009277 10.889556884765598 5.7871551994697095 300.104766845703 173.084136361263 4654620.0 206568160.0 416949.40625 4.5188682116687305e-08 0.6621832847595209 0 0.13783108395978197
4.970115661621089 7.721710205078121 8.9731246825933 308.34039306640597 254.894940392814 132637296.0 123419608.0 26811.78125 3.96468314119174e-08 0.315024435520172 0 0.16096847395790892
5.995357513427731 26.2772521972656 212.02423523573898 277.597259521484 176.620684075881 122357832.0 43492916.0 1589559.5 1.0122178560920599e-07 0.69366443157196 0 0.2096654480322132
6.51637935638428 10.4409484863281 409.367519174167 303.64813232421903 260.75386053987006 67119448.0 124225656.0 1219653.25 6.364842547017581e-08 0.077799379825592 0 0.34862711788481265
7.87408542633057 11.092529296875 98.57519561242121 307.073944091797 86.65087445342769 29333734.0 278086592.0 28331768.0 7.29698085011117e-08 0.8202313184738159 0 0.22817062935671464
1.07030355930328 6.31903076171875 96.94304299334169 271.670745849609 87.3691000251173 69259688.0 14661124.0 1387485.25 1.39613949600648e-07 0.27340605854988104 0 0.2253681905256703
6.592175960540769 8.95892333984375 34.7070142273986 293.22503662109403 92.1072992070701 233167120.0 185508480.0 3008901.0 7.47604344035718e-08 0.9667899608612059 0 0.2603104228697761
3.91740894317627 8.29058837890625 239.150445476189 287.39593505859403 216.753363774273 1062753472.0 19789038.0 1818847.0 1.24222294736784e-07 0.432666659355164 0 0.2632647027817132
3.7554378509521498 5.989288330078121 11.4418659828764 292.063629150391 90.5683624674075 192692608.0 27945964.0 808843.25 7.202582370116759e-08 0.959453999996185 0 0.18203877782504094
9.52569103240967 9.74282836914062 11.883361858018699 302.60003662109403 217.346958063842 79408032.0 17113736.0 1088195.0 1.1846720382767301e-07 0.502200245857239 0 0.2271898289346793
8.23906135559082 10.9299926757812 59.13322750164579 292.620361328125 55.54681361783461 257111936.0 68008648.0 1366817.75 8.08096860890064e-08 0.27223601937294 0 0.39994840676888055
8.20175361633301 12.697967529296902 110.236813584421 302.970245361328 310.351121790599 64143952.0 38815484.0 122624.9921875 5.3328870155435495e-08 0.74692964553833 0 0.2576320870216049
9.36890697479248 13.436370849609402 89.38220058360191 308.091186523438 309.01011048278 84641008.0 29271796.0 998334.375 8.65302585317658e-08 0.43911674618721 0 0.3235799810210732
1.1888895034790001 14.6255493164062 77.2411822119267 275.25665283203097 171.623539034881 70194288.0 34082364.0 3016050.75 1.37404212211781e-07 0.505898058414459 0 0.217902957320619
2.37063670158386 4.140838623046879 81.719571067874 282.10931396484403 165.731866677114 236332160.0 68505208.0 5875212.0 1.36786720351833e-07 0.7909290790557858 0 0.22391853902485104
0.68372368812561 9.74774169921875 38.4036069238224 275.533203125 131.353249631983 6763779.0 11015117.0 1032931.9375 1.3861345063020698e-07 0.09265909343957901 0 0.4100162585091363
6.855435371398929 13.574462890625 166.356869733526 304.471038818359 310.190849445828 40632368.0 28547758.0 271145.125 6.98071262530027e-08 0.44649785757064797 0 0.26759237258848506
1.27360475063324 2.83908081054688 135.07755031357098 269.79669189453097 89.15060778192742 157626288.0 2977428.75 248921.1875 1.26001817217642e-07 0.48844626545906106 0 0.2256149715201769
8.79651260375977 15.078277587890598 87.3519661988667 290.62652587890597 91.68709319101191 290430240.0 13409148.0 824026.375 1.1968099077680498e-07 0.7772396802902221 0 0.2434341997865201
6.13677740097046 11.297943115234402 81.6751909165786 304.923004150391 312.810402315625 102337080.0 37764940.0 2422385.5 1.14144888740101e-07 0.42996066808700606 0 0.26526115472138817
5.843041896820071 11.634490966796902 45.818542452841704 306.793182373047 309.098390998541 86517552.0 12573218.0 134333.703125 6.22021753132995e-08 0.291343241930008 0 0.3346840524579665
9.17448806762695 12.566558837890598 167.402223966182 293.80322265625 174.65999575483397 587105344.0 45605804.0 2532770.5 1.0666338795897401e-07 0.14707085490226698 0 0.3803458833136487
0.5528433322906489 15.597442626953098 97.99675178627831 275.55352783203097 90.4280210841385 67030280.0 19792064.0 1615881.875 1.30706283327703e-07 0.548275172710419 0 0.1952284801480514
1.13724207878113 4.38519287109375 20.964554406825 275.300689697266 165.23784593341298 340021.34375 1475466.875 143206.71875 1.36603576748137e-07 0.0014617405831813801 0 0.22243120274855416
2.6849203109741198 10.485290527343802 7.5376275560306105 298.16339111328097 170.804222582286 314811840.0 543034944.0 194038.0625 4.6122485877789806e-08 0.45442429184913596 0 0.15061462825447913
1.92735302448273 6.7667236328125 62.33007825360471 277.22613525390597 162.426052675811 20681660.0 26552218.0 2497456.25 1.39845657105259e-07 0.009508357383310791 0 0.4874122955649552
3.5531852245330797 16.4695434570312 639.4211028118799 283.77655029296903 261.923467038129 246794240.0 239986112.0 9537201.0 9.8113905234464e-08 0.0156462732702494 0 0.2963129972606629
1.9562075138091999 15.229644775390598 415.79444298009696 279.31085205078097 251.29496249269297 1283474944.0 101663024.0 9370367.0 1.36828834073528e-07 0.23729491233825697 0 0.26072989253434564
7.05525255203247 12.311798095703098 369.804221295523 297.81591796875 218.47664609257302 169219040.0 322264384.0 2803510.0 6.02117294398915e-08 0.6500996351242071 0 0.2059887448348977
1.6470222473144498 7.020721435546879 75.85491101365709 276.262451171875 169.238231446548 218674448.0 94042704.0 8609759.0 1.39895433523833e-07 0.130381122231483 0 0.4080589418736022
8.4641580581665 11.2197875976562 36.6002232281115 295.913848876953 173.374127144526 352133248.0 118106128.0 1880200.875 7.05753093119072e-08 0.98723167181015 0 0.28733755921646364
2.3745536804199197 5.63543701171875 101.97767254515499 286.273193359375 91.3508373176351 40105420.0 41791336.0 3397730.25 1.26870901728726e-07 0.0289254263043404 0 0.2530087993523548
6.00608730316162 13.0012817382812 32.1700089265403 295.225677490234 266.985544475324 92315480.0 3314218.5 182246.484375 1.06565113576636e-07 0.0754244178533554 0 0.44255958006733903
1.60198378562927 5.643524169921879 23.3434470401052 280.821685791016 208.030993600948 1856830.75 11880476.0 1098866.875 1.36656682349102e-07 0.0729956552386284 0 0.3751407712379752
1.91261005401611 11.526275634765598 112.28456086079099 291.436004638672 259.32526469876 39975212.0 28164972.0 336056.96875 7.965996616022071e-08 0.427061438560486 0 0.20440588323534628
5.00535297393799 14.559051513671902 140.928859921463 290.559448242188 266.42864626493997 91010232.0 12311018.0 1160599.625 1.3504961907780302e-07 0.33221545815467796 0 0.346613841059848
6.8398003578186 11.3397216796875 176.71890958125599 293.32568359375 218.35246462427398 251063008.0 20056830.0 550851.75 8.74848396445029e-08 0.787351369857788 0 0.23977741697699065
4.14209747314453 10.720764160156198 61.115979987074496 288.588531494141 171.012079142668 76141416.0 17318354.0 1585329.0 1.32994916738872e-07 0.6757892370224 0 0.26342440692811137
1.23370552062988 9.76580810546875 33.3588223732068 265.387420654297 216.77592735692198 23526948.0 10311496.0 982436.75 1.38544940057667e-07 0.41073215007782 0 0.486457036214862
6.84525203704834 11.181884765625 235.035656529253 295.91943359375 218.318210892836 720596288.0 42520212.0 3430777.0 1.29811404164519e-07 0.8671755194664 0 0.20612385319292556
3.01510787010193 7.363128662109379 278.849505751595 281.153656005859 170.680238494385 161866432.0 21280416.0 1754693.875 1.31896108045261e-07 0.10041410475969302 0 0.303790868552564
1.6824221611022903 2.73992919921875 75.29783119368359 277.668426513672 129.852750129932 846540224.0 19134328.0 1755524.375 1.32099781276494e-07 0.565160632133484 0 0.18254720818854972
6.62065982818604 9.07855224609375 42.95197402610471 291.318603515625 174.43887462903402 816104704.0 46203644.0 4309977.5 1.28211579133041e-07 0.7192565798759459 0 0.338950255345698
9.60473918914795 10.0738525390625 182.286813928431 295.527923583984 131.486905899987 64506608.0 86179672.0 4174371.25 7.151527224980969e-08 0.5706180930137629 0 0.28627161994217154
2.37845897674561 12.075592041015598 131.58626212040002 286.187622070312 262.662420193169 89795432.0 29853562.0 2656425.75 1.34098885441398e-07 0.311499297618866 0 0.24602278899636984
2.04497146606445 3.4637451171875 154.214890660054 284.910522460938 168.11926810473102 38948968.0 37375076.0 3379722.75 1.39646291594016e-07 0.0972176194190979 0 0.20539985842803832
3.0060405731201203 4.9498291015625 19.098258112853998 301.644500732422 50.363828302281505 78083192.0 46001480.0 66838.7421875 7.24510116983407e-08 0.926230013370514 0 0.21339836068972626
3.31323862075806 3.35769653320312 34.5619951890348 287.939788818359 55.5486302910451 63448952.0 40621976.0 139979.078125 5.347833871579651e-08 0.26034381985664395 0 0.3479578070609063
2.12909960746765 3.15521240234375 26.681332909493698 276.544647216797 57.2296782108451 107977920.0 14281171.0 1215500.625 1.34856236503703e-07 0.0430559813976288 0 0.34832866277256985
5.3650541305542 11.21533203125 16.2696315660724 305.199432373047 309.345270226136 168651056.0 4076401.75 295270.59375 1.2133504166714e-07 0.8138245344161991 0 0.1758205330102776
2.32756614685059 5.4193115234375 13.7260210966608 290.06329345703097 173.663851970028 1008064192.0 16384040.0 237621.875 8.27350425986774e-08 0.45428934693336503 0 0.27448968158383863
1.92207741737366 6.1595458984375 295.716693555745 273.662567138672 219.955154299098 285052128.0 4510170.0 335841.28125 1.1540053139517698e-07 0.5774853825569151 0 0.3116509770029239
4.75657081604004 8.27651977539062 25.6672699743124 298.91888427734403 219.311950588885 94830248.0 9175310.0 428953.125 9.63934778517915e-08 0.7263261675834659 0 0.24411637911454995
1.4089785814285298 8.17633056640625 133.720344996136 273.25274658203097 267.895606907282 133329464.0 30773240.0 793072.5 9.69971422026507e-08 0.13097412884235402 0 0.4077538108133893
3.52698802947998 11.8685302734375 172.45917362041698 290.345428466797 131.710511680045 679256192.0 19207042.0 604970.75 1.1160313826231301e-07 0.0576530434191227 0 0.2635495775525764
3.68463921546936 8.12850952148438 26.703088145374398 297.034301757812 261.569220810748 180267808.0 31281150.0 962706.625 8.6430757497696e-08 0.0908452793955803 0 0.35445922066786845
2.02910137176514 6.63958740234375 21.6938463053691 277.769439697266 171.515986635057 204123584.0 24967672.0 2300928.5 1.3829039067418999e-07 0.120162174105644 0 0.4098094556588995
4.3843874931335405 9.64501953125 101.616156183828 300.32867431640597 311.724665400467 84427784.0 14593454.0 837023.5625 1.09521874879934e-07 0.7200451493263241 0 0.19819445280989956
3.7472546100616495 10.7720947265625 26.2901096892412 278.572967529297 132.343975884487 724714688.0 33646724.0 3039066.75 1.3623554500738e-07 0.787497878074646 0 0.3528241453805329
6.48225450515747 14.443328857421902 296.62999814406004 301.5478515625 310.395440472695 444736928.0 89348032.0 4584000.0 1.04186871167641e-07 0.5653194189071661 0 0.2370644758707689
5.94660186767578 14.774932861328098 153.892519918929 297.17401123046903 219.77480332386003 271908128.0 59248116.0 1947809.75 9.00191279897385e-08 0.913100242614746 0 0.15341262482180829
3.9911718368530296 13.8238525390625 11.2035769981004 278.39501953125 92.7457722094432 57838408.0 20919160.0 1984358.375 1.34509858123546e-07 0.14437672495842 0 0.3164839695656239
8.250120162963869 15.3131103515625 21.4449265289188 301.662353515625 266.427576775873 19755836.0 18047690.0 661232.8125 9.257601146986381e-08 0.903722524642944 0 0.2503382557265948
9.91209888458252 13.245025634765598 20.298556119607998 308.404174804688 261.956152446116 18540752.0 52141196.0 3373180.75 1.17549489367766e-07 0.901042461395264 0 0.24058372219248186
0.6365389823913571 16.9098815917969 159.544344445668 278.662719726562 216.50677346869702 39695056.0 2188134.5 166257.421875 1.1809213428452499e-07 0.405066728591919 0 0.33563016020625075
7.195612907409671 12.7743530273438 67.9916968220719 295.966430664062 217.56190556198501 27526188.0 114583208.0 5739504.5 1.07934047638909e-07 0.7546809911727909 0 0.2851423692167177
1.40904092788696 10.3105163574219 330.08933041707996 271.860504150391 218.606958282733 218837968.0 6582719.5 434247.5 1.1289118460304899e-07 0.48419862985611 0 0.2941944516183392
2.11405277252197 11.2574462890625 54.155425292772506 282.313995361328 57.321893523369205 1187612160.0 105167800.0 523837.5 4.95665376238732e-08 0.838821947574615 0 0.20682612420147545
2.4083704948425297 15.3396606445312 193.973114143723 281.304473876953 175.100198857562 140262384.0 19270106.0 1399812.75 1.3397854878842199e-07 0.11271388083696401 0 0.29124316857667004
0.9917910099029541 9.94091796875 187.194292010704 273.839569091797 213.91928656804902 50685080.0 22175704.0 2036982.125 1.3751428933484198e-07 0.16231288015842402 0 0.28531426864164994
1.85521936416626 12.2073364257812 124.319053059247 281.340728759766 129.641832581977 217716752.0 26856804.0 1673070.875 1.1550005053216199e-07 0.03633878380060201 0 0.24860213487945906
4.55339479446411 13.159698486328098 22.7462951634548 297.62744140625 312.195846431873 90016064.0 20618420.0 649637.8125 8.868704395904391e-08 0.6915065050125121 0 0.27403625888700034
